0 34952 0.0 0.0
10000 35572 0.0 0.0
20000 35776 0.0 0.0
30000 36876 0.0 0.0
40000 37576 0.0 0.0
50000 37100 0.0 0.0
60000 39220 0.0 0.0
70000 38360 0.0 0.0
80000 38624 0.0 0.0
90000 38624 0.0 0.0
100000 38888 0.0 0.0
110000 42108 0.0 0.0
120000 42176 0.01 0.0
130000 42700 0.01 0.0
140000 42348 0.0 0.01
150000 42404 0.0 0.01
160000 42824 0.01 0.0
170000 42580 0.0 0.01
180000 42660 0.01 0.0
190000 42668 0.01 0.0
200000 42880 0.0 0.01
210000 51144 0.01 0.01
220000 51184 0.01 0.0
230000 51364 0.02 0.0
240000 51380 0.01 0.01
250000 51448 0.01 0.01
260000 51972 0.01 0.01
270000 45540 0.01 0.0
280000 46296 0.01 0.0
290000 46560 0.01 0.0
300000 46824 0.01 0.0
310000 47088 0.0 0.01
320000 47352 0.01 0.0
330000 47616 0.0 0.01
340000 47616 0.01 0.0
350000 47880 0.01 0.0
360000 48144 0.0 0.02
370000 48408 0.01 0.01
380000 48672 0.01 0.01
390000 48936 0.01 0.01
400000 49200 0.02 0.0
410000 63088 0.02 0.01
420000 63160 0.02 0.01
430000 63680 0.02 0.01
440000 63388 0.049999999999999996 0.0
450000 63400 0.02 0.02
460000 63424 0.03 0.02
470000 63620 0.02 0.01
480000 63636 0.02 0.01
490000 63688 0.02 0.02
500000 64048 0.02 0.03
510000 63868 0.04 0.0
520000 63948 0.01 0.03
530000 68044 0.02 0.02
540000 68044 0.02 0.02
550000 68044 0.02 0.02
560000 68044 0.03 0.01
570000 68308 0.03 0.01
580000 68308 0.04 0.0
590000 68308 0.04 0.0
600000 68572 0.02 0.03
610000 68572 0.04 0.01
620000 68572 0.02 0.02
630000 68836 0.02 0.02
640000 68836 0.03 0.01
650000 68836 0.02 0.02
660000 68836 0.02 0.02
670000 69100 0.02 0.02
680000 69100 0.03 0.02
690000 69100 0.03 0.02
700000 69364 0.03 0.01
710000 69364 0.04 0.01
720000 69364 0.03 0.01
730000 69364 0.04 0.01
740000 69628 0.049999999999999996 0.0
750000 69628 0.03 0.02
760000 69628 0.03 0.02
770000 69892 0.02 0.03
780000 69892 0.02 0.03
790000 69892 0.03 0.02
800000 70156 0.03 0.02
810000 91968 0.03 0.06999999999999999
820000 92044 0.06 0.02
830000 92124 0.04 0.049999999999999996
840000 92200 0.049999999999999996 0.03
850000 92520 0.049999999999999996 0.04
860000 92596 0.03 0.06
870000 92676 0.04 0.049999999999999996
880000 92752 0.049999999999999996 0.03
890000 92832 0.06 0.049999999999999996
900000 92908 0.06 0.06
910000 92988 0.06 0.03
920000 93328 0.06 0.049999999999999996
930000 93408 0.04 0.049999999999999996
940000 93484 0.04 0.06
950000 93564 0.049999999999999996 0.04
960000 93644 0.06 0.03
970000 93720 0.04 0.06999999999999999
980000 93800 0.03 0.06999999999999999
990000 94140 0.049999999999999996 0.049999999999999996
1000000 94220 0.06999999999999999 0.02
1010000 94296 0.049999999999999996 0.04
1020000 94448 0.06 0.03
1030000 94904 0.049999999999999996 0.04
1040000 95104 0.06 0.03
1050000 80924 0.03 0.06999999999999999
1060000 81348 0.02 0.06
1070000 81500 0.049999999999999996 0.049999999999999996
1080000 81660 0.08 0.01
1090000 81812 0.03 0.049999999999999996
1100000 82236 0.04 0.04
1110000 82388 0.049999999999999996 0.02
1120000 82548 0.06 0.01
1130000 82972 0.06 0.04
1140000 83124 0.06 0.01
1150000 83284 0.03 0.04
1160000 83700 0.049999999999999996 0.03
1170000 83860 0.049999999999999996 0.03
1180000 84012 0.06 0.04
1190000 84172 0.08 0.0
1200000 84588 0.06 0.01
1210000 84748 0.049999999999999996 0.02
1220000 84900 0.06 0.02
1230000 85324 0.04 0.04
1240000 85476 0.06 0.02
1250000 85636 0.04 0.04
1260000 86052 0.03 0.049999999999999996
1270000 86212 0.049999999999999996 0.03
1280000 86372 0.06 0.02
1290000 86524 0.06 0.02
1300000 86948 0.06999999999999999 0.01
1310000 87100 0.049999999999999996 0.03
1320000 87260 0.049999999999999996 0.04
1330000 87676 0.049999999999999996 0.03
1340000 87836 0.06 0.02
1350000 87988 0.06 0.02
1360000 88148 0.06 0.02
1370000 88564 0.06999999999999999 0.01
1380000 88724 0.049999999999999996 0.04
1390000 88876 0.06 0.02
1400000 89300 0.06999999999999999 0.01
1410000 89452 0.06 0.03
1420000 89612 0.06999999999999999 0.01
1430000 90028 0.06 0.03
1440000 90188 0.049999999999999996 0.03
1450000 90348 0.06999999999999999 0.02
1460000 90500 0.09 0.01
1470000 90924 0.06 0.03
1480000 91076 0.06999999999999999 0.02
1490000 91236 0.06 0.04
1500000 91652 0.049999999999999996 0.04
1510000 91812 0.06999999999999999 0.02
1520000 91964 0.08 0.01
1530000 92388 0.06 0.03
1540000 92540 0.06999999999999999 0.02
1550000 92700 0.06999999999999999 0.02
1560000 92852 0.06999999999999999 0.02
1570000 93276 0.06999999999999999 0.02
1580000 93428 0.06999999999999999 0.03
1590000 93588 0.09 0.01
1600000 94012 0.06999999999999999 0.04
1610000 94164 0.06999999999999999 0.03
1620000 128368 0.08 0.08
1630000 128536 0.09 0.049999999999999996
1640000 128976 0.09 0.06
1650000 129152 0.09 0.06
1660000 129328 0.08 0.06999999999999999
1670000 129768 0.09999999999999999 0.04
1680000 129944 0.09999999999999999 0.049999999999999996
1690000 130120 0.08 0.06999999999999999
1700000 130560 0.049999999999999996 0.09999999999999999
1710000 130728 0.09999999999999999 0.049999999999999996
1720000 130912 0.08 0.06999999999999999
1730000 131080 0.08 0.06999999999999999
1740000 131528 0.08 0.06999999999999999
1750000 131696 0.09 0.06
1760000 131880 0.06 0.09
1770000 132320 0.08 0.06999999999999999
1780000 132496 0.08 0.06999999999999999
1790000 132672 0.09999999999999999 0.049999999999999996
1800000 133104 0.11 0.04
1810000 133288 0.09 0.06
1820000 133456 0.11 0.04
1830000 133640 0.09 0.06
1840000 134072 0.09999999999999999 0.06
1850000 134256 0.09999999999999999 0.06999999999999999
1860000 134424 0.09999999999999999 0.06
1870000 134872 0.08 0.08
1880000 135040 0.09999999999999999 0.06
1890000 135216 0.11 0.049999999999999996
1900000 135392 0.09 0.06999999999999999
1910000 135832 0.09999999999999999 0.06
1920000 136016 0.09999999999999999 0.06
1930000 136184 0.13999999999999999 0.03
1940000 136632 0.12 0.06
1950000 136800 0.11 0.08
1960000 136984 0.09999999999999999 0.08
1970000 137416 0.13999999999999999 0.06999999999999999
1980000 137592 0.12 0.049999999999999996
1990000 137768 0.16 0.03
2000000 137944 0.09 0.06999999999999999
2010000 138384 0.12 0.06
2020000 138560 0.11 0.06999999999999999
2030000 138736 0.08 0.09
2040000 139176 0.08 0.09999999999999999
2050000 139344 0.11 0.06
2060000 139528 0.11 0.06
2070000 139696 0.12 0.049999999999999996
2080000 140144 0.09 0.08
2090000 140320 0.11 0.06
2100000 150212 0.09999999999999999 0.06
2110000 150292 0.08 0.09
2120000 150632 0.08 0.09
2130000 150712 0.09 0.06999999999999999
2140000 150788 0.11 0.06
2150000 150868 0.09 0.08
2160000 150944 0.09999999999999999 0.06999999999999999
2170000 151024 0.13 0.04
2180000 151100 0.13 0.04
2190000 151444 0.12 0.06999999999999999
2200000 151520 0.13999999999999999 0.06
2210000 151600 0.12 0.08
2220000 151676 0.09 0.08
2230000 151756 0.09 0.09
2240000 151836 0.08 0.09
2250000 151912 0.09 0.09
2260000 152256 0.11 0.06999999999999999
2270000 152332 0.09 0.09
2280000 152412 0.13 0.049999999999999996
2290000 152488 0.09 0.09999999999999999
2300000 152568 0.11 0.06999999999999999
2310000 152644 0.11 0.06999999999999999
2320000 152988 0.09 0.08
2330000 153064 0.12 0.08
2340000 153144 0.09999999999999999 0.08
2350000 153220 0.13 0.049999999999999996
2360000 153300 0.11 0.06999999999999999
2370000 153376 0.12 0.06
2380000 153456 0.09999999999999999 0.08
2390000 153796 0.12 0.08
2400000 153876 0.11 0.06999999999999999
2410000 153956 0.09 0.09999999999999999
2420000 154032 0.11 0.08
2430000 154112 0.12 0.06
2440000 154188 0.11 0.06999999999999999
2450000 154268 0.09999999999999999 0.08
2460000 154608 0.12 0.08
2470000 154688 0.11 0.06999999999999999
2480000 154764 0.09999999999999999 0.09
2490000 154844 0.15 0.049999999999999996
2500000 154920 0.12 0.08
2510000 155000 0.12 0.09
2520000 155076 0.11 0.12
2530000 155420 0.13 0.06
2540000 155496 0.12 0.09
2550000 155576 0.13 0.06
2560000 155656 0.09999999999999999 0.09999999999999999
2570000 155732 0.13 0.06
2580000 155812 0.09 0.09999999999999999
2590000 156152 0.09999999999999999 0.09999999999999999
2600000 156232 0.13 0.06
2610000 156308 0.13999999999999999 0.049999999999999996
2620000 156388 0.13 0.06
2630000 156464 0.12 0.06999999999999999
2640000 156544 0.12 0.06999999999999999
2650000 156620 0.12 0.06999999999999999
2660000 156964 0.13 0.06
2670000 157040 0.11 0.09
2680000 157120 0.13 0.06
2690000 157196 0.13999999999999999 0.06
2700000 157276 0.12 0.06999999999999999
2710000 157352 0.13 0.06999999999999999
2720000 157432 0.11 0.08
2730000 157776 0.09999999999999999 0.09999999999999999
2740000 157852 0.13999999999999999 0.06
2750000 157932 0.11 0.09
2760000 158008 0.12 0.08
2770000 158088 0.13 0.06999999999999999
2780000 158164 0.13 0.06999999999999999
2790000 158244 0.15 0.04
2800000 158584 0.12 0.08
2810000 158664 0.15 0.049999999999999996
2820000 158740 0.12 0.08
2830000 158820 0.12 0.08
2840000 158896 0.11 0.09
2850000 158976 0.09999999999999999 0.09999999999999999
2860000 159316 0.13 0.06999999999999999
2870000 159396 0.13999999999999999 0.06999999999999999
2880000 159476 0.13999999999999999 0.06
2890000 159552 0.13 0.08
2900000 159632 0.13999999999999999 0.06999999999999999
2910000 159708 0.13999999999999999 0.06999999999999999
2920000 159788 0.13999999999999999 0.06
2930000 160128 0.13 0.08
2940000 160208 0.11 0.09999999999999999
2950000 160284 0.13 0.08
2960000 160364 0.12 0.09
2970000 160440 0.16 0.049999999999999996
2980000 160520 0.11 0.09999999999999999
2990000 160596 0.13999999999999999 0.06999999999999999
3000000 160940 0.15 0.06999999999999999
3010000 161016 0.12 0.09
3020000 161096 0.13 0.08
3030000 161172 0.15 0.06
3040000 161252 0.13 0.08
3050000 161332 0.13999999999999999 0.06999999999999999
3060000 161408 0.13 0.08
3070000 161752 0.13 0.09
3080000 161828 0.12 0.09
3090000 161908 0.15 0.06999999999999999
3100000 161984 0.12 0.09999999999999999
3110000 162064 0.13999999999999999 0.06999999999999999
3120000 162140 0.13999999999999999 0.06999999999999999
3130000 162484 0.13 0.09
3140000 162560 0.16 0.06
3150000 162640 0.13 0.09
3160000 162716 0.13 0.09
3170000 162796 0.13 0.09
3180000 162872 0.12 0.09999999999999999
3190000 162952 0.13999999999999999 0.08
3200000 163032 0.13999999999999999 0.06999999999999999
3210000 163108 0.13999999999999999 0.08
3220000 163188 0.16 0.06
3230000 261528 0.22999999999999998 0.11
3240000 261608 0.21 0.13
3250000 261684 0.19999999999999998 0.13999999999999999
3260000 261764 0.18 0.16
3270000 261840 0.22 0.12
3280000 261920 0.19 0.15
3290000 261996 0.19 0.15
3300000 262076 0.19999999999999998 0.13999999999999999
3310000 262152 0.22 0.12
3320000 262232 0.22 0.12
3330000 262308 0.16 0.18
3340000 262388 0.19999999999999998 0.15
3350000 262464 0.16 0.18
3360000 262544 0.18 0.16999999999999998
3370000 262624 0.13999999999999999 0.22
3380000 262700 0.25 0.09999999999999999
3390000 262780 0.19 0.16
3400000 262856 0.19999999999999998 0.15
3410000 262936 0.19999999999999998 0.15
3420000 263012 0.22 0.13999999999999999
3430000 263092 0.19999999999999998 0.16
3440000 263168 0.21 0.13999999999999999
3450000 263248 0.21 0.15
3460000 263324 0.22 0.13
3470000 263404 0.16999999999999998 0.19
3480000 263480 0.19999999999999998 0.15
3490000 263560 0.25 0.09999999999999999
3500000 263636 0.19999999999999998 0.19
3510000 263716 0.22 0.13999999999999999
3520000 263796 0.26 0.09
3530000 263872 0.21 0.15
3540000 263952 0.19 0.16
3550000 264028 0.21 0.13999999999999999
3560000 264108 0.19999999999999998 0.16
3570000 264184 0.18 0.18
3580000 264264 0.25 0.12
3590000 264340 0.22999999999999998 0.13
3600000 264420 0.22999999999999998 0.13
3610000 264496 0.19 0.16999999999999998
3620000 264576 0.24 0.12
3630000 264652 0.21 0.15
3640000 264732 0.25 0.12
3650000 264808 0.18 0.19
3660000 264888 0.22999999999999998 0.13999999999999999
3670000 264964 0.22 0.15
3680000 265044 0.19999999999999998 0.16
3690000 265124 0.25 0.11
3700000 265200 0.22 0.15
3710000 265280 0.21 0.16
3720000 265356 0.22999999999999998 0.13999999999999999
3730000 265436 0.24 0.13
3740000 265512 0.25 0.13
3750000 265592 0.19 0.18
3760000 265668 0.22 0.15
3770000 265748 0.25 0.12
3780000 265824 0.25 0.12
3790000 265904 0.22999999999999998 0.15
3800000 265980 0.22 0.15
3810000 266060 0.25 0.12
3820000 266136 0.27999999999999997 0.13
3830000 266216 0.22999999999999998 0.16
3840000 266296 0.22 0.16
3850000 266372 0.22999999999999998 0.13999999999999999
3860000 266452 0.22999999999999998 0.19999999999999998
3870000 266528 0.26999999999999996 0.13999999999999999
3880000 266608 0.22999999999999998 0.18
3890000 266684 0.22 0.16999999999999998
3900000 266764 0.22 0.19999999999999998
3910000 266840 0.24 0.15
3920000 266920 0.22 0.15
3930000 266996 0.22999999999999998 0.16
3940000 267076 0.22999999999999998 0.18
3950000 267152 0.24 0.15
3960000 267232 0.24 0.15
3970000 267308 0.22 0.21
3980000 267388 0.22999999999999998 0.19999999999999998
3990000 267464 0.26 0.16
4000000 267544 0.24 0.15
4010000 267624 0.26999999999999996 0.13
4020000 267700 0.26999999999999996 0.16999999999999998
4030000 267780 0.21 0.19
4040000 267856 0.18 0.19999999999999998
4050000 267936 0.24 0.13999999999999999
4060000 268012 0.26 0.13
4070000 268092 0.31 0.13999999999999999
4080000 268168 0.25 0.18
4090000 268248 0.25 0.22
4100000 268324 0.24 0.18
4110000 268404 0.26 0.18
4120000 268480 0.27999999999999997 0.19
4130000 268560 0.27999999999999997 0.22
4140000 268636 0.26999999999999996 0.22
4150000 268716 0.26999999999999996 0.11
4160000 268796 0.26999999999999996 0.13999999999999999
4170000 269172 0.27999999999999997 0.11
4180000 269332 0.25 0.16
4190000 269484 0.25 0.16999999999999998
4200000 204884 0.19999999999999998 0.09
4210000 205036 0.18 0.09999999999999999
4220000 205196 0.18 0.11
4230000 205348 0.16999999999999998 0.12
4240000 205772 0.19999999999999998 0.09
4250000 205924 0.16 0.13
4260000 206084 0.18 0.11
4270000 206500 0.16999999999999998 0.13
4280000 206660 0.21 0.09
4290000 206812 0.19 0.11
4300000 206972 0.18 0.11
4310000 207388 0.19999999999999998 0.09
4320000 207548 0.19999999999999998 0.11
4330000 207708 0.16999999999999998 0.12
4340000 208124 0.19999999999999998 0.09
4350000 208284 0.19 0.09999999999999999
4360000 208436 0.18 0.11
4370000 208860 0.16 0.13
4380000 209012 0.19999999999999998 0.12
4390000 209172 0.19999999999999998 0.12
4400000 209324 0.16 0.13999999999999999
4410000 209748 0.16 0.13999999999999999
4420000 209900 0.22999999999999998 0.12
4430000 210060 0.21 0.12
4440000 210476 0.22 0.09999999999999999
4450000 210636 0.19 0.13
4460000 210788 0.21 0.13
4470000 211212 0.25 0.09999999999999999
4480000 211372 0.19999999999999998 0.11
4490000 211524 0.19 0.11
4500000 211684 0.24 0.09
4510000 212100 0.19999999999999998 0.09999999999999999
4520000 212260 0.26 0.09999999999999999
4530000 212412 0.19 0.12
4540000 212836 0.25 0.06999999999999999
4550000 212988 0.22999999999999998 0.08
4560000 213148 0.19999999999999998 0.12
4570000 213300 0.19 0.11
4580000 213724 0.22999999999999998 0.06999999999999999
4590000 213876 0.25 0.11
4600000 214036 0.21 0.09999999999999999
4610000 214452 0.25 0.09999999999999999
4620000 214612 0.22 0.13
4630000 214764 0.22 0.09999999999999999
4640000 215188 0.16999999999999998 0.16
4650000 215348 0.21 0.13999999999999999
4660000 215500 0.26999999999999996 0.12
4670000 215660 0.25 0.11
4680000 216076 0.19 0.12
4690000 216236 0.19999999999999998 0.11
4700000 216388 0.22999999999999998 0.11
4710000 216812 0.24 0.12
4720000 216964 0.26 0.15
4730000 217124 0.26999999999999996 0.13999999999999999
4740000 217540 0.22 0.09999999999999999
4750000 217700 0.22999999999999998 0.13999999999999999
4760000 217852 0.3 0.15
4770000 218012 0.29 0.15
4780000 218428 0.24 0.15
4790000 218588 0.26 0.13
4800000 218748 0.22 0.13999999999999999
4810000 219164 0.22999999999999998 0.12
4820000 219324 0.25 0.11
4830000 219476 0.22 0.09999999999999999
4840000 219636 0.24 0.13
4850000 220052 0.26 0.12
4860000 220212 0.21 0.12
4870000 220364 0.19999999999999998 0.12
4880000 220788 0.21 0.09999999999999999
4890000 220940 0.26999999999999996 0.12
4900000 221100 0.27999999999999997 0.16
4910000 221516 0.26 0.19999999999999998
4920000 221676 0.27999999999999997 0.12
4930000 221828 0.22999999999999998 0.11
4940000 221988 0.24 0.12
4950000 222404 0.22 0.12
4960000 222564 0.22 0.13999999999999999
4970000 222724 0.36 0.08
4980000 223140 0.19999999999999998 0.16999999999999998
4990000 223300 0.22 0.19999999999999998
5000000 223452 0.22999999999999998 0.13999999999999999
5010000 223876 0.22 0.11
5020000 224028 0.24 0.09
5030000 224188 0.24 0.09
5040000 224340 0.21 0.12
5050000 224764 0.25 0.09999999999999999
5060000 224916 0.24 0.13
5070000 225076 0.25 0.13
5080000 225492 0.24 0.13
5090000 225652 0.25 0.08
5100000 225804 0.29 0.08
5110000 225964 0.24 0.15
5120000 226388 0.26 0.09999999999999999
5130000 226540 0.19999999999999998 0.13999999999999999
5140000 226700 0.21 0.13
5150000 227116 0.22999999999999998 0.13
5160000 227276 0.27999999999999997 0.13
5170000 227428 0.25 0.16
5180000 227852 0.24 0.11
5190000 228004 0.21 0.15
5200000 228164 0.26999999999999996 0.16
5210000 228316 0.24 0.13999999999999999
5220000 228740 0.25 0.09
5230000 228892 0.27999999999999997 0.09999999999999999
5240000 229052 0.22999999999999998 0.11
5250000 229468 0.27999999999999997 0.09999999999999999
5260000 229628 0.21 0.15
5270000 229780 0.21 0.15
5280000 229940 0.22999999999999998 0.13999999999999999
5290000 230364 0.25 0.11
5300000 230516 0.22999999999999998 0.13999999999999999
5310000 230676 0.24 0.11
5320000 231092 0.27999999999999997 0.13999999999999999
5330000 231252 0.22 0.13999999999999999
5340000 231404 0.25 0.13999999999999999
5350000 231828 0.29 0.12
5360000 231980 0.25 0.13999999999999999
5370000 232140 0.27999999999999997 0.16
5380000 232292 0.31 0.11
5390000 232716 0.24 0.12
5400000 232868 0.26999999999999996 0.11
5410000 233028 0.24 0.09999999999999999
5420000 233444 0.3 0.06999999999999999
5430000 233604 0.24 0.16999999999999998
5440000 233764 0.25 0.13999999999999999
5450000 234180 0.3 0.13999999999999999
5460000 234340 0.29 0.09999999999999999
5470000 234492 0.26 0.15
5480000 234652 0.29 0.12
5490000 235068 0.25 0.12
5500000 235228 0.22999999999999998 0.12
5510000 235380 0.26 0.19
5520000 235804 0.25 0.13
5530000 235956 0.25 0.13
5540000 236116 0.29 0.09999999999999999
5550000 236268 0.26 0.09999999999999999
5560000 236692 0.3 0.09
5570000 236844 0.3 0.13999999999999999
5580000 237004 0.26 0.09999999999999999
5590000 237420 0.22 0.12
5600000 237580 0.25 0.11
5610000 237740 0.26999999999999996 0.09
5620000 238156 0.26999999999999996 0.09
5630000 238316 0.26 0.09999999999999999
5640000 238468 0.22999999999999998 0.13
5650000 238628 0.25 0.12
5660000 239044 0.26 0.09999999999999999
5670000 239204 0.25 0.09999999999999999
5680000 239356 0.25 0.11
5690000 239780 0.25 0.09999999999999999
5700000 239932 0.26 0.09999999999999999
5710000 240092 0.22999999999999998 0.13
5720000 240508 0.21 0.15
5730000 240668 0.22999999999999998 0.13
5740000 240820 0.25 0.11
5750000 240980 0.26 0.09999999999999999
5760000 241404 0.26 0.11
5770000 241556 0.26 0.09
5780000 241716 0.22 0.15
5790000 242132 0.26999999999999996 0.09
5800000 242292 0.27999999999999997 0.08
5810000 242444 0.22999999999999998 0.13
5820000 242604 0.26999999999999996 0.09
5830000 243020 0.27999999999999997 0.08
5840000 243180 0.24 0.13
5850000 243332 0.24 0.13
5860000 243756 0.24 0.13999999999999999
5870000 243908 0.22999999999999998 0.13
5880000 244068 0.24 0.13
5890000 244484 0.26 0.11
5900000 244644 0.25 0.12
5910000 244796 0.26 0.12
5920000 244956 0.25 0.11
5930000 245380 0.25 0.13
5940000 245532 0.24 0.13999999999999999
5950000 245692 0.24 0.13
5960000 246108 0.24 0.12
5970000 246268 0.22999999999999998 0.13999999999999999
5980000 246420 0.22999999999999998 0.15
5990000 246844 0.27999999999999997 0.09999999999999999
6000000 246996 0.26999999999999996 0.09999999999999999
6010000 247156 0.25 0.13
6020000 247308 0.27999999999999997 0.09999999999999999
6030000 247732 0.29 0.08
6040000 247884 0.29 0.09
6050000 248044 0.25 0.13
6060000 248460 0.26999999999999996 0.12
6070000 248620 0.22999999999999998 0.13999999999999999
6080000 248780 0.3 0.09999999999999999
6090000 248932 0.31 0.11
6100000 249356 0.27999999999999997 0.13999999999999999
6110000 249508 0.26 0.13
6120000 249668 0.29 0.13999999999999999
6130000 250084 0.3 0.15
6140000 250244 0.32999999999999996 0.13
6150000 250396 0.3 0.09
6160000 250820 0.26 0.15
6170000 250972 0.26999999999999996 0.11
6180000 251132 0.22999999999999998 0.13999999999999999
6190000 251284 0.25 0.12
6200000 251708 0.24 0.13
6210000 251860 0.27999999999999997 0.09
6220000 252020 0.26 0.12
6230000 252436 0.24 0.13999999999999999
6240000 252596 0.24 0.13999999999999999
6250000 252756 0.3 0.09
6260000 252908 0.3 0.08
6270000 253332 0.25 0.13
6280000 253484 0.26999999999999996 0.11
6290000 253644 0.26 0.12
6300000 254060 0.27999999999999997 0.15
6310000 254220 0.27999999999999997 0.13999999999999999
6320000 254372 0.32 0.13
6330000 254796 0.26999999999999996 0.12
6340000 254948 0.26999999999999996 0.11
6350000 255108 0.25 0.13999999999999999
6360000 255260 0.26999999999999996 0.13999999999999999
6370000 255684 0.25 0.13
6380000 255836 0.26 0.12
6390000 255996 0.27999999999999997 0.09999999999999999
6400000 256420 0.26999999999999996 0.13
6410000 256572 0.26999999999999996 0.11
6420000 256732 0.26999999999999996 0.12
6430000 257148 0.26 0.13
6440000 257308 0.26999999999999996 0.11
6450000 257460 0.22 0.16
6460000 454220 0.38999999999999996 0.22999999999999998
6470000 454636 0.32 0.3
6480000 454796 0.35 0.26
6490000 454948 0.38 0.24
6500000 455372 0.36 0.26999999999999996
6510000 455524 0.41 0.22
6520000 455684 0.43 0.19999999999999998
6530000 455836 0.42 0.21
6540000 456260 0.41 0.21
6550000 456412 0.38999999999999996 0.26
6560000 456572 0.38999999999999996 0.26999999999999996
6570000 456996 0.38999999999999996 0.27999999999999997
6580000 457148 0.37 0.26999999999999996
6590000 457308 0.43 0.21
6600000 457724 0.39999999999999997 0.22
6610000 457884 0.38999999999999996 0.24
6620000 458036 0.38999999999999996 0.24
6630000 458196 0.38 0.24
6640000 458612 0.38 0.24
6650000 458772 0.37 0.26
6660000 458924 0.33999999999999997 0.27999999999999997
6670000 459348 0.38999999999999996 0.22999999999999998
6680000 459500 0.38 0.25
6690000 459660 0.32999999999999996 0.3
6700000 460076 0.39999999999999997 0.22999999999999998
6710000 460236 0.38 0.26999999999999996
6720000 460396 0.37 0.26
6730000 460548 0.36 0.27999999999999997
6740000 460972 0.41 0.22
6750000 461124 0.39999999999999997 0.22999999999999998
6760000 461284 0.37 0.26
6770000 461700 0.35 0.27999999999999997
6780000 461860 0.39999999999999997 0.22999999999999998
6790000 462012 0.39999999999999997 0.26999999999999996
6800000 462172 0.44 0.27999999999999997
6810000 462588 0.38 0.27999999999999997
6820000 462748 0.43 0.27999999999999997
6830000 462900 0.45999999999999996 0.19999999999999998
6840000 463324 0.48 0.32999999999999996
6850000 463476 0.43 0.27999999999999997
6860000 463636 0.44 0.26
6870000 464052 0.41 0.3
6880000 464212 0.43 0.26
6890000 464372 0.38999999999999996 0.32
6900000 464524 0.43 0.32
6910000 464948 0.44999999999999996 0.31
6920000 465100 0.42 0.33999999999999997
6930000 465260 0.38 0.33999999999999997
6940000 465676 0.48 0.26
6950000 465836 0.53 0.32
6960000 465988 0.44999999999999996 0.3
6970000 466412 0.47 0.27999999999999997
6980000 466564 0.48 0.22999999999999998
6990000 466724 0.45999999999999996 0.26999999999999996
7000000 466876 0.43 0.25
7010000 467300 0.36 0.29
7020000 467452 0.35 0.33999999999999997
7030000 467612 0.38 0.27999999999999997
7040000 468036 0.44999999999999996 0.25
7050000 468188 0.49 0.25
7060000 468348 0.36 0.32
7070000 468500 0.38999999999999996 0.33999999999999997
7080000 468924 0.45999999999999996 0.26999999999999996
7090000 469076 0.36 0.3
7100000 469236 0.43 0.22
7110000 469652 0.33999999999999997 0.33999999999999997
7120000 469812 0.37 0.31
7130000 469964 0.42 0.24
7140000 470388 0.38999999999999996 0.26999999999999996
7150000 470540 0.39999999999999997 0.26999999999999996
7160000 470700 0.36 0.29
7170000 470852 0.37 0.27999999999999997
7180000 471276 0.37 0.27999999999999997
7190000 471428 0.38999999999999996 0.26
7200000 471588 0.42 0.22999999999999998
7210000 472012 0.42 0.32999999999999996
7220000 472164 0.44999999999999996 0.3
7230000 472324 0.52 0.21
7240000 472476 0.37 0.27999999999999997
7250000 472900 0.38 0.29
7260000 473052 0.43 0.29
7270000 473212 0.43 0.26999999999999996
7280000 473628 0.47 0.26
7290000 473788 0.44 0.3
7300000 473940 0.47 0.22
7310000 474364 0.39999999999999997 0.32
7320000 474516 0.5599999999999999 0.26999999999999996
7330000 474676 0.39999999999999997 0.26999999999999996
7340000 474828 0.38 0.27999999999999997
7350000 475252 0.41 0.25
7360000 475412 0.44999999999999996 0.21
7370000 475564 0.43 0.22999999999999998
7380000 475988 0.42 0.29
7390000 476140 0.38999999999999996 0.32999999999999996
7400000 476300 0.42 0.24
7410000 476716 0.42 0.27999999999999997
7420000 476876 0.42 0.25
7430000 477028 0.39999999999999997 0.26999999999999996
7440000 477188 0.44999999999999996 0.22
7450000 477604 0.44999999999999996 0.27999999999999997
7460000 477764 0.44 0.32
7470000 477916 0.47 0.24
7480000 478340 0.43 0.3
7490000 478492 0.44999999999999996 0.26
7500000 478652 0.44999999999999996 0.24
7510000 478804 0.38 0.29
7520000 479228 0.47 0.24
7530000 479388 0.35 0.31
7540000 479540 0.41 0.25
7550000 479964 0.5 0.26999999999999996
7560000 480116 0.49 0.25
7570000 480276 0.48 0.26
7580000 480692 0.44 0.29
7590000 480852 0.41 0.31
7600000 481004 0.44 0.26
7610000 481164 0.47 0.31
7620000 481580 0.38 0.31
7630000 481740 0.45999999999999996 0.25
7640000 481892 0.49 0.29
7650000 482316 0.47 0.24
7660000 482468 0.41 0.31
7670000 482628 0.44999999999999996 0.22999999999999998
7680000 483052 0.43 0.32999999999999996
7690000 483204 0.43 0.24
7700000 483364 0.44999999999999996 0.22999999999999998
7710000 483516 0.42 0.26
7720000 483940 0.45999999999999996 0.22
7730000 484092 0.44999999999999996 0.22
7740000 484252 0.39999999999999997 0.31
7750000 484668 0.5399999999999999 0.27999999999999997
7760000 484828 0.44999999999999996 0.26
7770000 484980 0.49 0.3
7780000 485140 0.45999999999999996 0.29
7790000 485556 0.45999999999999996 0.27999999999999997
7800000 485716 0.42 0.26999999999999996
7810000 485868 0.44 0.22999999999999998
7820000 486292 0.44 0.24
7830000 486444 0.39999999999999997 0.27999999999999997
7840000 486604 0.41 0.26999999999999996
7850000 487028 0.44999999999999996 0.22999999999999998
7860000 487180 0.42 0.26
7870000 487340 0.44999999999999996 0.22999999999999998
7880000 487492 0.43 0.25
7890000 487916 0.43 0.26
7900000 488068 0.44999999999999996 0.24
7910000 488228 0.48 0.21
7920000 488644 0.42 0.26
7930000 488804 0.39999999999999997 0.27999999999999997
7940000 488956 0.49 0.26
7950000 489380 0.48 0.26999999999999996
7960000 489532 0.5 0.19
7970000 489692 0.41 0.3
7980000 489844 0.47 0.32
7990000 490268 0.51 0.22999999999999998
8000000 490428 0.38999999999999996 0.32999999999999996
8010000 490580 0.42 0.32
8020000 491004 0.45999999999999996 0.24
8030000 491156 0.42 0.26999999999999996
8040000 491316 0.49 0.25
8050000 491468 0.47 0.3
8060000 491892 0.48 0.27999999999999997
8070000 492044 0.57 0.32
8080000 492204 0.51 0.27999999999999997
8090000 492620 0.42 0.29
8100000 492780 0.45999999999999996 0.26999999999999996
8110000 492932 0.5 0.26999999999999996
8120000 493356 0.5 0.3
8130000 493508 0.44 0.29
8140000 493668 0.38 0.32999999999999996
8150000 493820 0.43 0.3
8160000 494244 0.52 0.21
8170000 494404 0.43 0.26
8180000 494556 0.42 0.29
8190000 494980 0.42 0.27999999999999997
8200000 495132 0.44 0.26999999999999996
8210000 495292 0.44 0.26
8220000 495444 0.48 0.24
8230000 495868 0.49 0.27999999999999997
8240000 496020 0.42 0.27999999999999997
8250000 496180 0.5 0.26999999999999996
8260000 496596 0.48 0.26
8270000 496756 0.44999999999999996 0.26
8280000 496908 0.5 0.22
8290000 497332 0.48 0.3
8300000 497484 0.41 0.31
8310000 497644 0.42 0.29
8320000 497804 0.45999999999999996 0.25
8330000 498220 0.44999999999999996 0.26999999999999996
8340000 498380 0.59 0.29
8350000 498532 0.43 0.31
8360000 498956 0.5599999999999999 0.31
8370000 499108 0.52 0.27999999999999997
8380000 499268 0.45999999999999996 0.32
8390000 499884 0.41 0.31
8400000 499964 0.38 0.33999999999999997
8410000 500040 0.43 0.26999999999999996
8420000 500120 0.41 0.29
8430000 500196 0.35 0.33999999999999997
8440000 500276 0.39999999999999997 0.32
8450000 500352 0.43 0.26
8460000 500432 0.49 0.24
8470000 500508 0.39999999999999997 0.26999999999999996
8480000 500588 0.39999999999999997 0.27999999999999997
8490000 500668 0.44999999999999996 0.32
8500000 500744 0.41 0.3
8510000 500824 0.36 0.32
8520000 500900 0.39999999999999997 0.25
8530000 500980 0.35 0.29
8540000 501056 0.37 0.26
8550000 501136 0.41 0.22999999999999998
8560000 501212 0.41 0.22999999999999998
8570000 501292 0.39999999999999997 0.24
8580000 501368 0.39999999999999997 0.25
8590000 501448 0.36 0.26999999999999996
8600000 501524 0.38999999999999996 0.25
8610000 501604 0.35 0.29
8620000 501680 0.38999999999999996 0.25
8630000 501760 0.33999999999999997 0.3
8640000 501840 0.38999999999999996 0.24
8650000 501916 0.38999999999999996 0.24
8660000 501996 0.39999999999999997 0.24
8670000 502072 0.38 0.26
8680000 502152 0.32999999999999996 0.31
8690000 502228 0.38 0.26
8700000 502308 0.37 0.26999999999999996
8710000 502384 0.42 0.22
8720000 502464 0.38 0.26
8730000 502540 0.38999999999999996 0.25
8740000 502620 0.38 0.25
8750000 502696 0.38999999999999996 0.25
8760000 502776 0.38 0.25
8770000 502852 0.36 0.26999999999999996
8780000 502932 0.38999999999999996 0.25
8790000 503008 0.39999999999999997 0.25
8800000 503088 0.43 0.21
8810000 503168 0.33999999999999997 0.3
8820000 503244 0.41 0.22999999999999998
8830000 503324 0.38999999999999996 0.26
8840000 503400 0.38 0.26999999999999996
8850000 503480 0.39999999999999997 0.24
8860000 503556 0.41 0.24
8870000 503636 0.38999999999999996 0.25
8880000 503712 0.38 0.26
8890000 503792 0.39999999999999997 0.24
8900000 503868 0.37 0.27999999999999997
8910000 503948 0.39999999999999997 0.24
8920000 504024 0.38999999999999996 0.26
8930000 504104 0.38999999999999996 0.26
8940000 504180 0.37 0.27999999999999997
8950000 504260 0.38999999999999996 0.26
8960000 504340 0.37 0.27999999999999997
8970000 504416 0.37 0.27999999999999997
8980000 504496 0.41 0.24
8990000 504572 0.36 0.3
9000000 504652 0.38 0.26999999999999996
9010000 504728 0.41 0.25
9020000 504808 0.42 0.22999999999999998
9030000 504884 0.44999999999999996 0.22999999999999998
9040000 504964 0.36 0.29
9050000 505040 0.38999999999999996 0.26999999999999996
9060000 505120 0.33999999999999997 0.31
9070000 505196 0.39999999999999997 0.25
9080000 505276 0.38 0.26999999999999996
9090000 505352 0.41 0.24
9100000 505432 0.39999999999999997 0.26
9110000 505508 0.38 0.27999999999999997
9120000 505588 0.35 0.3
9130000 505668 0.37 0.27999999999999997
9140000 505744 0.44 0.22
9150000 505824 0.38999999999999996 0.26
9160000 505900 0.37 0.27999999999999997
9170000 505980 0.37 0.29
9180000 506056 0.32999999999999996 0.32
9190000 506136 0.42 0.3
9200000 506212 0.39999999999999997 0.29
9210000 506292 0.41 0.26
9220000 506368 0.38999999999999996 0.26999999999999996
9230000 506448 0.32999999999999996 0.33999999999999997
9240000 506524 0.44999999999999996 0.29
9250000 506604 0.44 0.26
9260000 506680 0.38 0.27999999999999997
9270000 506760 0.43 0.25
9280000 506840 0.38 0.29
9290000 506916 0.35 0.31
9300000 506996 0.44999999999999996 0.22999999999999998
9310000 507072 0.41 0.3
9320000 507152 0.36 0.3
9330000 507228 0.38 0.29
9340000 507308 0.38 0.27999999999999997
9350000 507384 0.42 0.26999999999999996
9360000 507464 0.44999999999999996 0.33999999999999997
9370000 507540 0.45999999999999996 0.22999999999999998
9380000 507620 0.38 0.27999999999999997
9390000 507696 0.42 0.24
9400000 507776 0.42 0.24
9410000 507852 0.43 0.25
9420000 507932 0.41 0.26999999999999996
9430000 508008 0.36 0.33999999999999997
9440000 508088 0.41 0.26
9450000 508168 0.43 0.25
9460000 508244 0.39999999999999997 0.29
9470000 508324 0.39999999999999997 0.26999999999999996
9480000 508400 0.41 0.26
9490000 508480 0.42 0.25
9500000 508556 0.45999999999999996 0.22
9510000 508636 0.41 0.26
9520000 508712 0.42 0.25
9530000 508792 0.39999999999999997 0.26999999999999996
9540000 508868 0.41 0.26
9550000 508948 0.44999999999999996 0.22
9560000 509024 0.44 0.22999999999999998
9570000 509104 0.47 0.26
9580000 509180 0.44 0.25
9590000 509260 0.48 0.22
9600000 509340 0.43 0.27999999999999997
9610000 509416 0.38999999999999996 0.31
9620000 509496 0.49 0.22999999999999998
9630000 509572 0.39999999999999997 0.33999999999999997
9640000 509652 0.45999999999999996 0.25
9650000 509728 0.38 0.3
9660000 509808 0.41 0.26999999999999996
9670000 509884 0.39999999999999997 0.27999999999999997
9680000 509964 0.39999999999999997 0.29
9690000 510040 0.43 0.27999999999999997
9700000 510120 0.39999999999999997 0.3
9710000 510196 0.39999999999999997 0.27999999999999997
9720000 510276 0.43 0.26
9730000 510352 0.45999999999999996 0.22
9740000 510432 0.44 0.24
9750000 510508 0.39999999999999997 0.27999999999999997
9760000 510588 0.39999999999999997 0.27999999999999997
9770000 510668 0.41 0.26999999999999996
9780000 510744 0.43 0.25
9790000 510824 0.48 0.29
9800000 510900 0.44 0.25
9810000 510980 0.38999999999999996 0.27999999999999997
9820000 511056 0.44 0.35
9830000 511136 0.42 0.26999999999999996
9840000 511212 0.44999999999999996 0.24
9850000 511292 0.42 0.29
9860000 511368 0.42 0.27999999999999997
9870000 511448 0.43 0.27999999999999997
9880000 511524 0.38999999999999996 0.32
9890000 511604 0.45999999999999996 0.24
9900000 511680 0.44999999999999996 0.27999999999999997
9910000 511760 0.38999999999999996 0.32
9920000 511840 0.47 0.24
9930000 511916 0.45999999999999996 0.26
9940000 511996 0.48 0.22999999999999998
9950000 512072 0.43 0.3
9960000 512152 0.43 0.26999999999999996
9970000 512228 0.44999999999999996 0.25
9980000 512308 0.44 0.25
9990000 512384 0.41 0.27999999999999997
10000000 512464 0.47 0.22
10010000 512540 0.39999999999999997 0.29
10020000 512620 0.43 0.3
10030000 512696 0.42 0.3
10040000 512776 0.45999999999999996 0.25
10050000 512852 0.43 0.3
10060000 512932 0.39999999999999997 0.29
10070000 513008 0.41 0.3
10080000 513088 0.44 0.26
10090000 513168 0.44999999999999996 0.27999999999999997
10100000 513244 0.43 0.26999999999999996
10110000 513324 0.44 0.27999999999999997
10120000 513400 0.48 0.33999999999999997
10130000 513480 0.45999999999999996 0.35
10140000 513556 0.49 0.26
10150000 513636 0.43 0.31
10160000 513712 0.44 0.3
10170000 513792 0.49 0.3
10180000 513868 0.5 0.27999999999999997
10190000 513948 0.49 0.38999999999999996
10200000 514024 0.43 0.32999999999999996
10210000 514104 0.49 0.3
10220000 514180 0.5499999999999999 0.26
10230000 514260 0.48 0.32999999999999996
10240000 514340 0.42 0.27999999999999997
10250000 514416 0.44 0.26
10260000 514496 0.42 0.27999999999999997
10270000 514572 0.36 0.33999999999999997
10280000 514652 0.39999999999999997 0.3
10290000 514728 0.38999999999999996 0.31
10300000 514808 0.47 0.22999999999999998
10310000 514884 0.43 0.26999999999999996
10320000 514964 0.42 0.27999999999999997
10330000 515040 0.48 0.3
10340000 515120 0.44 0.29
10350000 515196 0.41 0.3
10360000 515276 0.49 0.22999999999999998
10370000 515352 0.45999999999999996 0.26
10380000 515432 0.45999999999999996 0.26
10390000 515508 0.47 0.24
10400000 515588 0.42 0.29
10410000 515668 0.44999999999999996 0.26999999999999996
10420000 515744 0.41 0.31
10430000 515824 0.44 0.26999999999999996
10440000 515900 0.42 0.29
10450000 515980 0.45999999999999996 0.26
10460000 516056 0.42 0.32
10470000 516136 0.43 0.27999999999999997
10480000 516212 0.49 0.25
10490000 516292 0.45999999999999996 0.27999999999999997
10500000 516368 0.5 0.27999999999999997
10510000 516448 0.48 0.37
10520000 516524 0.53 0.33999999999999997
10530000 516604 0.41 0.32
10540000 516680 0.6 0.22
10550000 516760 0.5 0.35
10560000 516840 0.59 0.25
10570000 516916 0.6599999999999999 0.29
10580000 516996 0.51 0.25
10590000 517072 0.45999999999999996 0.3
10600000 517152 0.43 0.32
10610000 517228 0.43 0.27999999999999997
10620000 517308 0.42 0.29
10630000 517384 0.42 0.29
10640000 517464 0.43 0.27999999999999997
10650000 517540 0.42 0.29
10660000 517620 0.47 0.25
10670000 517696 0.38999999999999996 0.32
10680000 517776 0.48 0.26999999999999996
10690000 517852 0.47 0.31
10700000 517932 0.47 0.24
10710000 518008 0.45999999999999996 0.25
10720000 518088 0.39999999999999997 0.31
10730000 518168 0.52 0.31
10740000 518244 0.49 0.35
10750000 518324 0.57 0.25
10760000 518400 0.51 0.32
10770000 518480 0.44999999999999996 0.32999999999999996
10780000 518556 0.51 0.3
10790000 518636 0.5499999999999999 0.3
10800000 518712 0.5 0.3
10810000 518792 0.53 0.29
10820000 518868 0.65 0.26
10830000 518948 0.48 0.24
10840000 519024 0.45999999999999996 0.26
10850000 519104 0.44 0.27999999999999997
10860000 519180 0.43 0.29
10870000 519260 0.47 0.25
10880000 519340 0.44 0.27999999999999997
10890000 519416 0.38999999999999996 0.33999999999999997
10900000 519496 0.47 0.26
10910000 519572 0.49 0.22999999999999998
10920000 519652 0.47 0.25
10930000 519728 0.44 0.26999999999999996
10940000 519808 0.47 0.25
10950000 519884 0.47 0.25
10960000 519964 0.41 0.31
10970000 520040 0.45999999999999996 0.26
10980000 520120 0.5599999999999999 0.26
10990000 520196 0.51 0.27999999999999997
11000000 520276 0.5 0.26999999999999996
11010000 520352 0.45999999999999996 0.3
11020000 520432 0.43 0.31
11030000 520508 0.47 0.29
11040000 520588 0.48 0.25
11050000 520668 0.5 0.29
11060000 520744 0.41 0.32
11070000 520824 0.49 0.24
11080000 520900 0.44 0.3
11090000 520980 0.47 0.26999999999999996
11100000 521056 0.49 0.24
11110000 521136 0.44999999999999996 0.27999999999999997
11120000 521212 0.41 0.32
11130000 521292 0.43 0.3
11140000 521368 0.47 0.25
11150000 521448 0.43 0.3
11160000 521524 0.5499999999999999 0.3
11170000 521604 0.45999999999999996 0.26999999999999996
11180000 521680 0.44999999999999996 0.3
11190000 521760 0.5 0.25
11200000 521840 0.47 0.27999999999999997
11210000 521916 0.44999999999999996 0.29
11220000 521996 0.45999999999999996 0.29
11230000 522072 0.45999999999999996 0.3
11240000 522152 0.45999999999999996 0.29
11250000 522228 0.48 0.26
11260000 522308 0.44 0.3
11270000 522384 0.47 0.26999999999999996
11280000 522464 0.42 0.32
11290000 522540 0.45999999999999996 0.27999999999999997
11300000 522620 0.44999999999999996 0.29
11310000 522696 0.43 0.31
11320000 522776 0.45999999999999996 0.27999999999999997
11330000 522852 0.43 0.3
11340000 522932 0.51 0.24
11350000 523008 0.43 0.31
11360000 523088 0.45999999999999996 0.27999999999999997
11370000 523168 0.47 0.26999999999999996
11380000 523244 0.49 0.26
11390000 523324 0.48 0.26
11400000 523400 0.5 0.24
11410000 523480 0.47 0.27999999999999997
11420000 523556 0.45999999999999996 0.27999999999999997
11430000 523636 0.44 0.3
11440000 523712 0.48 0.26
11450000 523792 0.44 0.3
11460000 523868 0.49 0.26
11470000 523948 0.5399999999999999 0.25
11480000 524024 0.5599999999999999 0.3
11490000 524104 0.57 0.35
11500000 524180 0.51 0.29
11510000 524260 0.47 0.29
11520000 524340 0.53 0.31
11530000 524416 0.49 0.26999999999999996
11540000 524496 0.44999999999999996 0.29
11550000 524572 0.43 0.36
11560000 524652 0.51 0.27999999999999997
11570000 524728 0.5 0.29
11580000 524808 0.5 0.27999999999999997
11590000 524884 0.52 0.27999999999999997
11600000 524964 0.53 0.31
11610000 525040 0.5 0.3
11620000 525120 0.44 0.38999999999999996
11630000 525196 0.42 0.32999999999999996
11640000 525276 0.44999999999999996 0.35
11650000 525352 0.47 0.3
11660000 525432 0.47 0.29
11670000 525508 0.47 0.29
11680000 525588 0.57 0.26999999999999996
11690000 525668 0.6 0.29
11700000 525744 0.52 0.36
11710000 525824 0.57 0.26
11720000 525900 0.53 0.33999999999999997
11730000 525980 0.59 0.31
11740000 526056 0.5 0.35
11750000 526136 0.49 0.3
11760000 526212 0.47 0.29
11770000 526292 0.47 0.29
11780000 526368 0.49 0.26
11790000 526448 0.44 0.32999999999999996
11800000 526524 0.47 0.29
11810000 526604 0.45999999999999996 0.3
11820000 526680 0.49 0.27999999999999997
11830000 526760 0.48 0.3
11840000 526840 0.45999999999999996 0.32
11850000 526916 0.45999999999999996 0.3
11860000 526996 0.5 0.26
11870000 527072 0.45999999999999996 0.3
11880000 527152 0.5499999999999999 0.35
11890000 527228 0.49 0.3
11900000 527308 0.44 0.32
11910000 527384 0.5 0.36
11920000 527464 0.53 0.37
11930000 527540 0.59 0.29
11940000 527620 0.5499999999999999 0.27999999999999997
11950000 527696 0.6799999999999999 0.3
11960000 527776 0.5399999999999999 0.31
11970000 527852 0.59 0.26
11980000 527932 0.44999999999999996 0.32
11990000 528008 0.51 0.26
12000000 528088 0.47 0.31
12010000 528168 0.49 0.27999999999999997
12020000 528244 0.48 0.29
12030000 528324 0.44999999999999996 0.31
12040000 528400 0.45999999999999996 0.31
12050000 528480 0.52 0.25
12060000 528556 0.49 0.27999999999999997
12070000 528636 0.48 0.29
12080000 528712 0.47 0.3
12090000 528792 0.5499999999999999 0.29
12100000 528868 0.52 0.26999999999999996
12110000 528948 0.53 0.35
12120000 529024 0.52 0.32
12130000 529104 0.5599999999999999 0.25
12140000 529180 0.49 0.3
12150000 529260 0.48 0.29
12160000 529340 0.44 0.32999999999999996
12170000 529416 0.52 0.29
12180000 529496 0.42 0.38
12190000 529572 0.5399999999999999 0.26
12200000 529652 0.5 0.27999999999999997
12210000 529728 0.44 0.36
12220000 529808 0.5 0.31
12230000 529884 0.52 0.27999999999999997
12240000 529964 0.5499999999999999 0.32999999999999996
12250000 530040 0.6599999999999999 0.26
12260000 530120 0.59 0.25
12270000 530196 0.6 0.29
12280000 530276 0.53 0.36
12290000 530352 0.5 0.31
12300000 530432 0.52 0.29
12310000 530508 0.53 0.27999999999999997
12320000 530588 0.5499999999999999 0.43
12330000 530668 0.59 0.32999999999999996
12340000 530744 0.52 0.32
12350000 530824 0.51 0.35
12360000 530900 0.5399999999999999 0.26
12370000 530980 0.44999999999999996 0.33999999999999997
12380000 531056 0.5 0.3
12390000 531136 0.49 0.31
12400000 531212 0.53 0.26
12410000 531292 0.59 0.35
12420000 531368 0.5499999999999999 0.35
12430000 531448 0.49 0.31
12440000 531524 0.45999999999999996 0.32999999999999996
12450000 531604 0.5 0.27999999999999997
12460000 531680 0.5 0.27999999999999997
12470000 531760 0.51 0.27999999999999997
12480000 531840 0.5399999999999999 0.24
12490000 531916 0.51 0.26999999999999996
12500000 531996 0.5 0.3
12510000 532072 0.45999999999999996 0.33999999999999997
12520000 532152 0.48 0.3
12530000 532228 0.5 0.29
12540000 532308 0.53 0.3
12550000 532384 0.5399999999999999 0.26999999999999996
12560000 532464 0.44999999999999996 0.33999999999999997
12570000 532540 0.49 0.3
12580000 532620 0.49 0.35
12590000 532696 0.51 0.29
12600000 532776 0.5399999999999999 0.26999999999999996
12610000 532852 0.53 0.26
12620000 532932 0.52 0.26999999999999996
12630000 533008 0.47 0.32999999999999996
12640000 533088 0.51 0.29
12650000 533168 0.52 0.27999999999999997
12660000 533244 0.48 0.32
12670000 533324 0.51 0.31
12680000 533400 0.58 0.29
12690000 533480 0.5 0.33999999999999997
12700000 533556 0.52 0.29
12710000 533636 0.52 0.3
12720000 533712 0.5 0.3
12730000 533792 0.53 0.26999999999999996
12740000 533868 0.5599999999999999 0.24
12750000 533948 0.53 0.31
12760000 534024 0.5499999999999999 0.26
12770000 534104 0.5599999999999999 0.33999999999999997
12780000 534180 0.5499999999999999 0.3
12790000 534260 0.53 0.3
12800000 534340 0.52 0.32
12810000 534416 0.58 0.25
12820000 534496 0.5 0.32
12830000 534572 0.5399999999999999 0.26999999999999996
12840000 534652 0.51 0.32999999999999996
12850000 534728 0.5599999999999999 0.31
12860000 534808 0.59 0.36
12870000 534884 0.53 0.35
12880000 534964 0.5499999999999999 0.32999999999999996
12890000 535040 0.57 0.31
12900000 535120 0.5399999999999999 0.27999999999999997
12910000 535196 0.51 0.3
12920000 928504 0.74 0.53
12930000 928580 0.76 0.57
12940000 928660 0.6699999999999999 0.61
12950000 928736 0.7 0.59
12960000 928816 0.89 0.7
12970000 928896 0.8099999999999999 0.63
12980000 928972 0.7799999999999999 0.52
12990000 929052 0.6699999999999999 0.6
13000000 929128 0.7899999999999999 0.51
13010000 929208 0.71 0.5599999999999999
13020000 929284 0.71 0.57
13030000 929364 0.69 0.57
13040000 929440 0.74 0.52
13050000 929520 0.73 0.5399999999999999
13060000 929596 0.83 0.6
13070000 929676 0.75 0.5599999999999999
13080000 929752 0.72 0.57
13090000 929832 0.71 0.72
13100000 929908 0.74 0.6599999999999999
13110000 929988 0.69 0.59
13120000 930068 0.76 0.59
13130000 930144 0.7899999999999999 0.58
13140000 930224 0.7799999999999999 0.5
13150000 930300 0.71 0.73
13160000 930380 0.83 0.57
13170000 930456 0.7 0.63
13180000 930536 0.7799999999999999 0.63
13190000 930612 0.7799999999999999 0.57
13200000 930692 0.8099999999999999 0.6799999999999999
13210000 930768 0.82 0.59
13220000 930848 0.88 0.62
13230000 930924 0.83 0.62
13240000 931004 0.7999999999999999 0.6599999999999999
13250000 931080 0.84 0.58
13260000 931160 0.7899999999999999 0.65
13270000 931236 0.86 0.51
13280000 931316 0.73 0.61
13290000 931396 0.7899999999999999 0.6599999999999999
13300000 931472 0.7899999999999999 0.69
13310000 931552 0.75 0.5599999999999999
13320000 931628 0.7 0.59
13330000 931708 0.86 0.44999999999999996
13340000 931784 0.87 0.6599999999999999
13350000 931864 0.83 0.6699999999999999
13360000 931940 0.75 0.5399999999999999
13370000 932020 0.7999999999999999 0.61
13380000 932096 0.82 0.57
13390000 932176 0.65 0.6699999999999999
13400000 932252 0.6599999999999999 0.63
13410000 932332 0.84 0.44999999999999996
13420000 932408 0.82 0.47
13430000 932488 0.7999999999999999 0.49
13440000 932568 0.83 0.58
13450000 932644 0.76 0.64
13460000 932724 0.7999999999999999 0.63
13470000 932800 0.8099999999999999 0.62
13480000 932880 0.7899999999999999 0.51
13490000 932956 0.6799999999999999 0.61
13500000 933036 0.77 0.5399999999999999
13510000 933112 0.69 0.62
13520000 933192 0.75 0.5499999999999999
13530000 933268 0.6699999999999999 0.63
13540000 933348 0.73 0.5599999999999999
13550000 933424 0.76 0.5399999999999999
13560000 933504 0.69 0.62
13570000 933580 0.8099999999999999 0.59
13580000 933660 0.7899999999999999 0.53
13590000 933736 0.77 0.5499999999999999
13600000 933816 0.74 0.58
13610000 933896 0.74 0.57
13620000 933972 0.71 0.59
13630000 934052 0.72 0.58
13640000 934128 0.74 0.5499999999999999
13650000 934208 0.71 0.59
13660000 934284 0.75 0.5599999999999999
13670000 934364 0.8099999999999999 0.49
13680000 934440 0.75 0.5499999999999999
13690000 934520 0.7999999999999999 0.52
13700000 934596 0.83 0.48
13710000 934676 0.8099999999999999 0.5499999999999999
13720000 934752 0.74 0.6
13730000 934832 0.94 0.52
13740000 934908 0.7999999999999999 0.64
13750000 934988 0.88 0.5599999999999999
13760000 935068 0.7999999999999999 0.59
13770000 935144 0.74 0.58
13780000 935224 0.7 0.61
13790000 935300 0.7 0.61
13800000 935380 0.64 0.6599999999999999
13810000 935456 0.74 0.57
13820000 935536 0.7799999999999999 0.52
13830000 935612 0.77 0.5399999999999999
13840000 935692 0.6799999999999999 0.63
13850000 935768 0.7899999999999999 0.5399999999999999
13860000 935848 0.7999999999999999 0.52
13870000 935924 0.77 0.5599999999999999
13880000 936004 0.74 0.59
13890000 936080 0.72 0.6
13900000 936160 0.74 0.58
13910000 936236 0.74 0.58
13920000 936316 0.75 0.5499999999999999
13930000 936396 0.77 0.5499999999999999
13940000 936472 0.7999999999999999 0.5399999999999999
13950000 936552 0.9199999999999999 0.43
13960000 936628 0.8099999999999999 0.53
13970000 936708 0.72 0.63
13980000 936784 0.69 0.64
13990000 936864 0.77 0.58
14000000 936940 0.77 0.57
14010000 937020 0.77 0.5499999999999999
14020000 937096 0.76 0.5599999999999999
14030000 937176 0.85 0.48
14040000 937252 0.7899999999999999 0.5599999999999999
14050000 937332 0.83 0.5
14060000 937408 0.75 0.57
14070000 937488 0.7799999999999999 0.5499999999999999
14080000 937568 0.75 0.58
14090000 937644 0.71 0.63
14100000 937724 0.77 0.65
14110000 937800 0.7899999999999999 0.57
14120000 937880 0.7999999999999999 0.5399999999999999
14130000 937956 0.89 0.48
14140000 938036 0.74 0.59
14150000 938112 0.72 0.63
14160000 938192 0.82 0.52
14170000 938268 0.86 0.49
14180000 938348 0.76 0.58
14190000 938424 0.73 0.62
14200000 938504 0.8099999999999999 0.61
14210000 938580 0.76 0.63
14220000 938660 0.7799999999999999 0.57
14230000 938736 0.84 0.52
14240000 938816 0.77 0.61
14250000 938896 0.82 0.5399999999999999
14260000 938972 0.73 0.62
14270000 939052 0.7999999999999999 0.57
14280000 939128 0.7999999999999999 0.5399999999999999
14290000 939208 0.74 0.62
14300000 939284 0.74 0.6
14310000 939364 0.74 0.61
14320000 939440 0.72 0.62
14330000 939520 0.73 0.62
14340000 939596 0.72 0.64
14350000 939676 0.84 0.6799999999999999
14360000 939752 0.95 0.61
14370000 939832 0.7999999999999999 0.5599999999999999
14380000 939908 0.88 0.63
14390000 939988 0.8999999999999999 0.5399999999999999
14400000 940068 0.82 0.5499999999999999
14410000 940144 0.7799999999999999 0.57
14420000 940224 0.7899999999999999 0.5599999999999999
14430000 940300 0.72 0.62
14440000 940380 0.82 0.51
14450000 940456 0.77 0.5599999999999999
14460000 940536 0.73 0.61
14470000 940612 0.89 0.47
14480000 940692 0.71 0.63
14490000 940768 0.71 0.64
14500000 940848 0.7799999999999999 0.57
14510000 940924 0.76 0.62
14520000 941004 0.7999999999999999 0.58
14530000 941080 0.89 0.59
14540000 941160 0.86 0.57
14550000 941236 0.84 0.5599999999999999
14560000 941316 0.7899999999999999 0.61
14570000 941396 0.85 0.5399999999999999
14580000 941472 0.77 0.64
14590000 941552 0.83 0.59
14600000 941628 0.76 0.63
14610000 941708 1.03 0.6699999999999999
14620000 941784 0.86 0.6599999999999999
14630000 941864 0.84 0.59
14640000 941940 0.86 0.5499999999999999
14650000 942020 0.73 0.6799999999999999
14660000 942096 0.7999999999999999 0.6
14670000 942176 0.9099999999999999 0.5399999999999999
14680000 942252 0.84 0.58
14690000 942332 0.84 0.57
14700000 942408 0.7899999999999999 0.61
14710000 942488 0.87 0.51
14720000 942568 0.71 0.73
14730000 942644 0.84 0.57
14740000 942724 0.7999999999999999 0.62
14750000 942800 0.83 0.58
14760000 942880 0.77 0.69
14770000 942956 0.85 0.5599999999999999
14780000 943036 0.89 0.52
14790000 943112 0.7799999999999999 0.64
14800000 943192 0.7899999999999999 0.63
14810000 943268 0.86 0.6
14820000 943348 0.8099999999999999 0.6
14830000 943424 0.84 0.57
14840000 943504 0.85 0.5599999999999999
14850000 943580 0.89 0.6799999999999999
14860000 943660 1.07 0.6
14870000 943736 0.7899999999999999 0.6699999999999999
14880000 943816 0.84 0.71
14890000 943896 0.9199999999999999 0.5499999999999999
14900000 943972 0.85 0.65
14910000 944052 0.82 0.62
14920000 944128 0.97 0.6
14930000 944208 0.7999999999999999 0.63
14940000 944284 0.85 0.5599999999999999
14950000 944364 0.9099999999999999 0.64
14960000 944440 0.84 0.62
14970000 944520 0.94 0.89
14980000 944596 1.5 1.04
14990000 944676 1.4 0.9199999999999999
15000000 944752 1.63 0.89
15010000 944832 0.96 0.5599999999999999
15020000 944908 1.94 1.25
15030000 944988 1.79 0.94
15040000 945068 1.1 0.7799999999999999
15050000 945144 0.76 0.63
15060000 945224 0.84 0.62
15070000 945300 1.02 0.7
15080000 945380 0.88 0.6599999999999999
15090000 945456 1.03 0.58
15100000 945536 0.9199999999999999 0.5599999999999999
15110000 945612 0.94 0.6599999999999999
15120000 945692 0.9299999999999999 0.6
15130000 945768 0.85 0.6
15140000 945848 0.99 0.57
15150000 945924 1.11 0.58
15160000 946004 0.88 0.6799999999999999
15170000 946080 0.7799999999999999 0.65
15180000 946160 0.7999999999999999 0.59
15190000 946236 0.9199999999999999 0.6599999999999999
15200000 946316 0.8099999999999999 0.6
15210000 946396 0.86 0.6599999999999999
15220000 946472 0.89 0.6699999999999999
15230000 946552 0.85 0.5399999999999999
15240000 946628 0.7799999999999999 0.61
15250000 946708 0.7999999999999999 0.59
15260000 946784 0.85 0.5399999999999999
15270000 946864 0.84 0.5499999999999999
15280000 946940 0.9299999999999999 0.57
15290000 947020 0.86 0.53
15300000 947096 0.82 0.57
15310000 947176 0.8099999999999999 0.57
15320000 947252 0.89 0.52
15330000 947332 0.7899999999999999 0.65
15340000 947408 0.82 0.61
15350000 947488 0.89 0.5599999999999999
15360000 947568 0.87 0.69
15370000 947644 0.8999999999999999 0.65
15380000 947724 0.86 0.6
15390000 947800 0.8099999999999999 0.63
15400000 947880 0.82 0.64
15410000 947956 0.84 0.57
15420000 948036 0.85 0.5599999999999999
15430000 948112 0.8099999999999999 0.59
15440000 948192 0.89 0.5399999999999999
15450000 948268 0.8999999999999999 0.62
15460000 948348 0.89 0.51
15470000 948424 0.89 0.51
15480000 948504 0.99 0.6599999999999999
15490000 948580 0.94 0.63
15500000 948660 1.04 0.6699999999999999
15510000 948736 1.01 0.5
15520000 948816 0.86 0.61
15530000 948896 0.8099999999999999 0.65
15540000 948972 0.87 0.62
15550000 949052 0.9099999999999999 0.61
15560000 949128 1.1 0.61
15570000 949208 1.09 0.72
15580000 949284 1.19 0.77
15590000 949364 1.13 0.64
15600000 949440 1.08 0.83
15610000 949520 1.07 0.82
15620000 949596 1.12 0.77
15630000 949676 0.95 0.61
15640000 949752 0.9199999999999999 0.6799999999999999
15650000 949832 1.07 0.69
15660000 949908 1.02 0.6699999999999999
15670000 949988 0.99 0.6799999999999999
15680000 950068 1.08 0.65
15690000 950144 1.01 0.71
15700000 950224 1.03 0.84
15710000 950300 0.98 0.73
15720000 950380 1.16 0.75
15730000 950456 0.96 0.61
15740000 950536 0.99 0.7
15750000 950612 1.03 0.6699999999999999
15760000 950692 0.87 0.71
15770000 950768 0.97 0.63
15780000 950848 0.86 0.6799999999999999
15790000 950924 0.86 0.6699999999999999
15800000 951004 1.0 0.63
15810000 951080 0.96 0.6699999999999999
15820000 951160 1.13 0.73
15830000 951236 1.17 0.6599999999999999
15840000 951316 0.9199999999999999 0.72
15850000 951396 1.13 0.59
15860000 951472 0.95 0.62
15870000 951552 0.86 0.58
15880000 951628 0.7999999999999999 0.6799999999999999
15890000 951708 1.28 0.5399999999999999
15900000 951784 1.04 0.6
15910000 951864 0.87 0.6699999999999999
15920000 951940 1.0 0.6599999999999999
15930000 952020 0.84 0.65
15940000 952096 0.88 0.59
15950000 952176 0.9099999999999999 0.5499999999999999
15960000 952252 0.96 0.71
15970000 952332 0.7999999999999999 0.63
15980000 952408 0.7999999999999999 0.65
15990000 952488 1.0 0.58
16000000 952568 0.94 0.52
16010000 952644 0.88 0.58
16020000 952724 0.95 0.59
16030000 952800 0.9099999999999999 0.57
16040000 952880 1.07 0.53
16050000 952956 0.8999999999999999 0.6599999999999999
16060000 953036 0.89 0.62
16070000 953112 1.0 0.63
16080000 953192 0.98 0.57
16090000 953268 0.83 0.6699999999999999
16100000 953348 0.84 0.64
16110000 953424 0.8999999999999999 0.6
16120000 953504 0.87 0.64
16130000 953580 1.09 0.61
16140000 953660 0.83 0.7
16150000 953736 0.97 0.6599999999999999
16160000 953816 0.89 0.63
16170000 953896 1.13 0.64
16180000 953972 0.8999999999999999 0.59
16190000 954052 1.01 0.6599999999999999
16200000 954128 0.99 0.62
16210000 954208 0.9199999999999999 0.61
16220000 954284 0.94 0.5399999999999999
16230000 954364 0.9099999999999999 0.58
16240000 954440 1.0 0.51
16250000 954520 0.99 0.5499999999999999
16260000 954596 0.7799999999999999 0.71
16270000 954676 0.94 0.65
16280000 954752 0.89 0.5599999999999999
16290000 954832 0.85 0.6
16300000 954908 0.95 0.57
16310000 954988 0.84 0.63
16320000 955068 0.94 0.63
16330000 955144 0.88 0.61
16340000 955224 0.9099999999999999 0.63
16350000 955300 0.89 0.61
16360000 955380 0.88 0.6
16370000 955456 0.95 0.57
16380000 955536 0.89 0.6699999999999999
16390000 955612 1.02 0.49
16400000 955692 0.9299999999999999 0.58
16410000 955768 0.9299999999999999 0.5599999999999999
16420000 955848 1.05 0.75
16430000 955924 0.9299999999999999 0.62
16440000 956004 0.86 0.73
16450000 956080 0.87 0.62
16460000 956160 0.9299999999999999 0.58
16470000 956236 0.8999999999999999 0.63
16480000 956316 1.02 0.64
16490000 956396 1.12 0.5399999999999999
16500000 956472 0.9299999999999999 0.6
16510000 956552 1.0 0.53
16520000 956628 1.0 0.6799999999999999
16530000 956708 1.25 0.72
16540000 956784 0.84 0.64
16550000 956864 0.9199999999999999 0.5599999999999999
16560000 956940 0.9299999999999999 0.5499999999999999
16570000 957020 0.87 0.59
16580000 957096 0.88 0.65
16590000 957176 0.97 0.5499999999999999
16600000 957252 0.9299999999999999 0.62
16610000 957332 0.85 0.61
16620000 957408 0.7799999999999999 0.69
16630000 957488 0.87 0.63
16640000 957568 1.03 0.64
16650000 957644 1.08 0.5499999999999999
16660000 957724 0.9099999999999999 0.61
16670000 957800 0.97 0.69
16680000 957880 0.9099999999999999 0.6599999999999999
16690000 957956 0.9099999999999999 0.6
16700000 958036 0.8999999999999999 0.58
16710000 958112 0.99 0.71
16720000 958192 1.14 0.64
16730000 958268 0.96 0.6699999999999999
16740000 958532 1.14 0.5599999999999999
16750000 958684 1.02 0.61
16760000 958844 0.95 0.64
16770000 959260 0.9299999999999999 0.64
16780000 699328 0.8099999999999999 0.38999999999999996
16790000 699480 0.75 0.44
16800000 699640 0.71 0.39999999999999997
16810000 700064 0.7899999999999999 0.38999999999999996
16820000 700216 0.87 0.45999999999999996
16830000 700376 0.89 0.47
16840000 700792 0.84 0.5
16850000 700952 0.85 0.38
16860000 701104 0.74 0.38999999999999996
16870000 701264 0.72 0.36
16880000 701680 0.74 0.32
16890000 701840 0.75 0.43
16900000 701992 0.8099999999999999 0.47
16910000 702416 0.76 0.42
16920000 702568 0.83 0.37
16930000 702728 0.71 0.44999999999999996
16940000 703144 0.83 0.38999999999999996
16950000 703304 0.82 0.41
16960000 703464 0.86 0.44
16970000 703616 0.87 0.33999999999999997
16980000 704040 1.43 0.52
16990000 704192 1.47 0.59
17000000 704352 1.6099999999999999 0.95
17010000 704768 1.39 0.6599999999999999
17020000 704928 1.11 0.49
17030000 705080 0.87 0.41
17040000 705504 0.77 0.42
17050000 705656 0.7999999999999999 0.47
17060000 705816 0.7 0.42
17070000 705968 0.7 0.38999999999999996
17080000 706392 0.74 0.33999999999999997
17090000 706544 0.7899999999999999 0.33999999999999997
17100000 706704 0.8999999999999999 0.38
17110000 707120 0.85 0.44
17120000 707280 0.95 0.49
17130000 707440 0.87 0.44999999999999996
17140000 707592 0.82 0.44999999999999996
17150000 708016 0.63 0.48
17160000 708168 0.72 0.39999999999999997
17170000 708328 0.72 0.37
17180000 708744 0.8099999999999999 0.43
17190000 708904 0.77 0.35
17200000 709056 0.7999999999999999 0.39999999999999997
17210000 709480 0.7999999999999999 0.38
17220000 709632 0.86 0.33999999999999997
17230000 709792 0.83 0.44
17240000 709944 0.88 0.44999999999999996
17250000 710368 0.86 0.37
17260000 710520 0.8999999999999999 0.5
17270000 710680 0.83 0.36
17280000 711104 0.75 0.42
17290000 711256 0.7899999999999999 0.35
17300000 711416 0.72 0.48
17310000 711568 0.74 0.48
17320000 711992 0.7999999999999999 0.38999999999999996
17330000 712144 0.82 0.37
17340000 712304 0.8099999999999999 0.44999999999999996
17350000 712720 0.95 0.44
17360000 712880 1.03 0.45999999999999996
17370000 713032 0.8999999999999999 0.41
17380000 713456 0.84 0.41
17390000 713608 0.96 0.39999999999999997
17400000 713768 0.88 0.36
17410000 713920 1.01 0.38
17420000 714344 0.87 0.39999999999999997
17430000 714496 0.7799999999999999 0.38999999999999996
17440000 714656 0.87 0.45999999999999996
17450000 715080 0.8099999999999999 0.52
17460000 715232 0.7999999999999999 0.44
17470000 715392 0.9199999999999999 0.39999999999999997
17480000 715808 1.01 0.48
17490000 715968 0.9299999999999999 0.32
17500000 716120 0.9199999999999999 0.36
17510000 716280 0.7799999999999999 0.49
17520000 716696 0.87 0.33999999999999997
17530000 716856 0.83 0.37
17540000 717008 0.7999999999999999 0.37
17550000 717432 0.77 0.36
17560000 717584 0.76 0.39999999999999997
17570000 717744 0.71 0.39999999999999997
17580000 717896 0.71 0.44999999999999996
17590000 718320 0.76 0.38999999999999996
17600000 718480 0.8099999999999999 0.31
17610000 718632 0.7999999999999999 0.42
17620000 719056 0.86 0.38
17630000 719208 0.77 0.36
17640000 719368 0.84 0.38999999999999996
17650000 719784 0.76 0.47
17660000 719944 0.95 0.51
17670000 720096 0.87 0.38999999999999996
17680000 720256 0.71 0.44999999999999996
17690000 720672 0.7999999999999999 0.36
17700000 720832 0.73 0.37
17710000 720984 0.74 0.37
17720000 721408 0.7799999999999999 0.39999999999999997
17730000 721560 0.77 0.38999999999999996
17740000 721720 0.7899999999999999 0.36
17750000 722136 0.75 0.36
17760000 722296 0.73 0.43
17770000 722456 0.76 0.42
17780000 722608 0.7799999999999999 0.38999999999999996
17790000 723032 0.95 0.41
17800000 723184 0.72 0.53
17810000 723344 0.99 0.43
17820000 723760 0.88 0.44
17830000 723920 1.04 0.48
17840000 724072 1.02 0.42
17850000 724232 0.85 0.47
17860000 724648 0.87 0.5
17870000 724808 0.85 0.36
17880000 724960 0.75 0.44999999999999996
17890000 725384 0.89 0.42
17900000 725536 0.69 0.39999999999999997
17910000 725696 0.75 0.37
17920000 726120 0.85 0.41
17930000 726272 0.69 0.44999999999999996
17940000 726432 0.83 0.42
17950000 726584 0.8099999999999999 0.48
17960000 727008 0.74 0.37
17970000 727160 0.7999999999999999 0.38
17980000 727320 0.84 0.44999999999999996
17990000 727736 0.84 0.44999999999999996
18000000 727896 0.82 0.5
18010000 728048 0.86 0.42
18020000 728472 0.86 0.39999999999999997
18030000 728624 0.77 0.44
18040000 728784 0.82 0.37
18050000 728936 0.8099999999999999 0.39999999999999997
18060000 729360 0.76 0.44999999999999996
18070000 729512 0.82 0.41
18080000 729672 0.8099999999999999 0.38
18090000 730096 0.82 0.41
18100000 730248 0.83 0.37
18110000 730408 0.7799999999999999 0.44999999999999996
18120000 730560 0.7799999999999999 0.45999999999999996
18130000 730984 0.77 0.44999999999999996
18140000 731136 0.86 0.37
18150000 731296 0.8099999999999999 0.43
18160000 731712 0.86 0.41
18170000 731872 0.8999999999999999 0.38999999999999996
18180000 732024 0.88 0.37
18190000 732448 0.87 0.38
18200000 732600 0.8999999999999999 0.38999999999999996
18210000 732760 0.82 0.43
18220000 732912 0.8099999999999999 0.42
18230000 733336 0.8999999999999999 0.38999999999999996
18240000 733496 0.82 0.43
18250000 733648 0.8999999999999999 0.41
18260000 734072 0.8099999999999999 0.44999999999999996
18270000 734224 0.89 0.39999999999999997
18280000 734384 0.85 0.45999999999999996
18290000 734536 0.84 0.44
18300000 734960 0.86 0.45999999999999996
18310000 735112 0.9099999999999999 0.44
18320000 735272 0.94 0.42
18330000 735688 0.7999999999999999 0.44999999999999996
18340000 735848 0.88 0.38999999999999996
18350000 736000 0.94 0.35
18360000 736424 0.7999999999999999 0.45999999999999996
18370000 736576 0.9099999999999999 0.38999999999999996
18380000 736736 0.9099999999999999 0.38999999999999996
18390000 736888 0.86 0.39999999999999997
18400000 737312 0.83 0.44
18410000 737472 0.84 0.42
18420000 737624 0.88 0.38
18430000 738048 0.86 0.42
18440000 738200 0.9299999999999999 0.38
18450000 738360 0.85 0.43
18460000 738776 0.86 0.42
18470000 738936 0.82 0.43
18480000 739088 0.82 0.41
18490000 739248 0.83 0.38999999999999996
18500000 739664 0.77 0.47
18510000 739824 0.85 0.37
18520000 739976 0.85 0.38999999999999996
18530000 740400 0.85 0.38999999999999996
18540000 740552 0.8099999999999999 0.43
18550000 740712 0.83 0.38999999999999996
18560000 740872 0.8099999999999999 0.39999999999999997
18570000 741288 0.86 0.35
18580000 741448 0.86 0.36
18590000 741600 0.7999999999999999 0.43
18600000 742024 0.83 0.38
18610000 742176 0.89 0.42
18620000 742336 0.84 0.38999999999999996
18630000 742752 0.8099999999999999 0.42
18640000 742912 0.8099999999999999 0.42
18650000 743064 0.9099999999999999 0.31
18660000 743224 0.88 0.37
18670000 743640 0.82 0.42
18680000 743800 0.84 0.42
18690000 743952 0.8099999999999999 0.41
18700000 744376 0.86 0.38999999999999996
18710000 744528 0.83 0.39999999999999997
18720000 744688 0.86 0.38
18730000 745112 0.83 0.41
18740000 745264 0.8099999999999999 0.42
18750000 745424 0.82 0.41
18760000 745576 0.7899999999999999 0.41
18770000 746000 0.87 0.37
18780000 746152 0.82 0.39999999999999997
18790000 746312 0.9299999999999999 0.31
18800000 746728 0.86 0.38999999999999996
18810000 746888 0.89 0.38999999999999996
18820000 747040 0.85 0.39999999999999997
18830000 747200 0.84 0.41
18840000 747616 0.87 0.39999999999999997
18850000 747776 0.82 0.42
18860000 747928 0.83 0.44
18870000 748352 0.9099999999999999 0.33999999999999997
18880000 748512 0.83 0.45999999999999996
18890000 748664 0.88 0.38999999999999996
18900000 749088 0.85 0.42
18910000 749240 0.88 0.37
18920000 749400 0.85 0.41
18930000 749552 0.83 0.41
18940000 749976 0.7899999999999999 0.42
18950000 750128 0.85 0.38999999999999996
18960000 750288 0.84 0.38999999999999996
18970000 750704 0.85 0.39999999999999997
18980000 750864 0.85 0.39999999999999997
18990000 751016 0.8099999999999999 0.44999999999999996
19000000 751440 0.8099999999999999 0.45999999999999996
19010000 751592 0.84 0.38999999999999996
19020000 751752 0.87 0.38999999999999996
19030000 751904 0.95 0.32
19040000 752328 0.85 0.41
19050000 752488 0.82 0.42
19060000 752640 0.82 0.43
19070000 753064 0.87 0.38999999999999996
19080000 753216 0.86 0.38999999999999996
19090000 753376 0.82 0.44999999999999996
19100000 753528 0.83 0.41
19110000 753952 0.8999999999999999 0.37
19120000 754104 0.84 0.39999999999999997
19130000 754264 0.85 0.39999999999999997
19140000 754680 0.87 0.38
19150000 754840 0.7999999999999999 0.44
19160000 754992 0.83 0.43
19170000 755416 0.8099999999999999 0.42
19180000 755568 0.8999999999999999 0.37
19190000 755728 0.83 0.41
19200000 755888 0.83 0.43
19210000 756304 0.85 0.41
19220000 756464 0.7999999999999999 0.45999999999999996
19230000 756616 0.87 0.38999999999999996
19240000 757040 0.82 0.44999999999999996
19250000 757192 0.8099999999999999 0.44999999999999996
19260000 757352 0.9099999999999999 0.35
19270000 757504 0.89 0.38999999999999996
19280000 757928 0.85 0.39999999999999997
19290000 758080 0.89 0.35
19300000 758240 0.82 0.42
19310000 758656 0.84 0.39999999999999997
19320000 758816 0.83 0.42
19330000 758968 0.87 0.38
19340000 759392 0.88 0.38999999999999996
19350000 759544 0.89 0.36
19360000 759704 0.87 0.39999999999999997
19370000 759864 0.8999999999999999 0.36
19380000 760280 0.86 0.41
19390000 760440 0.88 0.38
19400000 760592 0.82 0.44999999999999996
19410000 761016 0.8999999999999999 0.38
19420000 761168 0.8999999999999999 0.36
19430000 761328 0.88 0.41
19440000 761744 0.85 0.39999999999999997
19450000 761904 0.86 0.44
19460000 762056 0.8999999999999999 0.38
19470000 762216 0.86 0.41
19480000 762632 0.84 0.41
19490000 762792 0.88 0.37
19500000 762944 0.83 0.42
19510000 763368 0.84 0.41
19520000 763528 0.82 0.43
19530000 763680 0.7999999999999999 0.44999999999999996
19540000 763840 0.8999999999999999 0.38999999999999996
19550000 764256 0.83 0.43
19560000 764416 0.88 0.41
19570000 764568 0.88 0.38999999999999996
19580000 764992 0.88 0.39999999999999997
19590000 765144 0.8999999999999999 0.37
19600000 765304 0.84 0.42
19610000 765720 0.85 0.43
19620000 765880 0.84 0.42
19630000 766032 0.88 0.39999999999999997
19640000 766192 0.84 0.43
19650000 766608 0.9099999999999999 0.37
19660000 766768 0.85 0.42
19670000 766920 0.7899999999999999 0.45999999999999996
19680000 767344 0.84 0.43
19690000 767504 0.7899999999999999 0.47
19700000 767656 0.88 0.42
19710000 768080 0.86 0.39999999999999997
19720000 768232 0.8999999999999999 0.39999999999999997
19730000 768392 0.8999999999999999 0.38999999999999996
19740000 768544 0.88 0.39999999999999997
19750000 768968 0.88 0.38999999999999996
19760000 769120 0.86 0.42
19770000 769280 0.88 0.41
19780000 769696 0.86 0.41
19790000 769856 0.9299999999999999 0.38
19800000 770008 0.8999999999999999 0.37
19810000 770168 0.8999999999999999 0.38
19820000 770584 0.85 0.44
19830000 770744 0.89 0.41
19840000 770904 0.84 0.43
19850000 771320 0.89 0.38
19860000 771480 0.8999999999999999 0.37
19870000 771632 0.89 0.38
19880000 772056 0.87 0.42
19890000 772208 0.88 0.39999999999999997
19900000 772368 0.9099999999999999 0.38
19910000 772520 0.86 0.44
19920000 772944 0.86 0.42
19930000 773096 0.9299999999999999 0.42
19940000 773256 0.86 0.45999999999999996
19950000 773672 0.8999999999999999 0.39999999999999997
19960000 773832 0.9099999999999999 0.38
19970000 773984 0.9199999999999999 0.37
19980000 774408 0.8999999999999999 0.38
19990000 774560 0.89 0.41
20000000 774720 0.89 0.41
20010000 774880 0.9299999999999999 0.38
20020000 775296 0.9199999999999999 0.36
20030000 775456 0.85 0.42
20040000 775608 0.89 0.41
20050000 776032 0.88 0.39999999999999997
20060000 776184 0.9099999999999999 0.38
20070000 776344 0.83 0.44
20080000 776496 0.89 0.39999999999999997
20090000 776920 0.88 0.42
20100000 777072 0.89 0.42
20110000 777232 0.9299999999999999 0.39999999999999997
20120000 777648 0.88 0.41
20130000 777808 0.87 0.44
20140000 777960 0.85 0.43
20150000 778384 0.94 0.38
20160000 778544 0.9099999999999999 0.39999999999999997
20170000 778696 0.8999999999999999 0.39999999999999997
20180000 778856 0.88 0.44
20190000 779272 0.9099999999999999 0.38999999999999996
20200000 779432 0.9099999999999999 0.39999999999999997
20210000 779584 0.87 0.41
20220000 780008 0.9199999999999999 0.39999999999999997
20230000 780160 0.88 0.41
20240000 780320 0.9199999999999999 0.38
20250000 780472 0.87 0.43
20260000 780896 0.88 0.44
20270000 781048 0.88 0.43
20280000 781208 0.9199999999999999 0.38999999999999996
20290000 781624 0.95 0.38
20300000 781784 0.89 0.42
20310000 781936 0.84 0.49
20320000 782360 0.9299999999999999 0.39999999999999997
20330000 782520 0.9099999999999999 0.41
20340000 782672 0.87 0.44
20350000 782832 0.97 0.38
20360000 783248 0.95 0.38
20370000 783408 0.84 0.44999999999999996
20380000 783560 0.94 0.37
20390000 783984 0.87 0.41
20400000 784136 0.8999999999999999 0.39999999999999997
20410000 784296 0.88 0.43
20420000 784712 0.88 0.42
20430000 784872 0.87 0.44999999999999996
20440000 785024 0.9299999999999999 0.38999999999999996
20450000 785184 0.87 0.44999999999999996
20460000 785600 0.9299999999999999 0.42
20470000 785760 0.96 0.37
20480000 785920 0.89 0.43
20490000 786336 0.89 0.43
20500000 786496 0.95 0.36
20510000 786648 0.87 0.44
20520000 786808 0.87 0.44
20530000 787224 0.8999999999999999 0.41
20540000 787384 0.88 0.44999999999999996
20550000 787536 0.8999999999999999 0.42
20560000 787960 0.89 0.42
20570000 788112 0.85 0.44999999999999996
20580000 788272 0.9199999999999999 0.39999999999999997
20590000 788688 0.88 0.43
20600000 788848 0.8999999999999999 0.41
20610000 789000 0.9299999999999999 0.41
20620000 789160 0.9099999999999999 0.41
20630000 789576 0.9099999999999999 0.44
20640000 789736 0.87 0.44
20650000 789896 0.9199999999999999 0.44
20660000 790312 0.9299999999999999 0.38999999999999996
20670000 790472 0.9199999999999999 0.42
20680000 790624 0.98 0.35
20690000 791048 0.87 0.47
20700000 791200 0.85 0.49
20710000 791360 0.9099999999999999 0.41
20720000 791512 0.94 0.39999999999999997
20730000 791936 0.89 0.38999999999999996
20740000 792088 0.95 0.37
20750000 792248 0.84 0.45999999999999996
20760000 792664 0.9199999999999999 0.38999999999999996
20770000 792824 0.9099999999999999 0.41
20780000 792976 0.9199999999999999 0.39999999999999997
20790000 793136 0.95 0.38999999999999996
20800000 793560 0.8999999999999999 0.43
20810000 793712 0.9099999999999999 0.44999999999999996
20820000 793872 0.88 0.44
20830000 794288 0.96 0.38999999999999996
20840000 794448 0.8999999999999999 0.43
20850000 794600 0.8999999999999999 0.44
20860000 795024 0.94 0.38999999999999996
20870000 795176 0.88 0.43
20880000 795336 0.9299999999999999 0.42
20890000 795488 0.9299999999999999 0.41
20900000 795912 0.97 0.38
20910000 796064 0.8999999999999999 0.41
20920000 796224 0.89 0.43
20930000 796640 0.8999999999999999 0.42
20940000 796800 0.8999999999999999 0.43
20950000 796952 0.9299999999999999 0.41
20960000 797376 0.94 0.38999999999999996
20970000 797536 0.89 0.44999999999999996
20980000 797688 0.89 0.43
20990000 797848 0.95 0.39999999999999997
21000000 798264 0.87 0.48
21010000 798424 0.96 0.38999999999999996
21020000 798576 0.8999999999999999 0.43
21030000 799000 0.9099999999999999 0.42
21040000 799152 0.89 0.44999999999999996
21050000 799312 0.86 0.47
21060000 799464 1.01 0.35
21070000 799888 0.9099999999999999 0.42
21080000 800040 0.9099999999999999 0.41
21090000 800200 0.87 0.44
21100000 800616 0.8999999999999999 0.42
21110000 800776 0.9199999999999999 0.41
21120000 800936 0.9099999999999999 0.42
21130000 801352 0.94 0.41
21140000 801512 0.89 0.44999999999999996
21150000 801664 0.94 0.44
21160000 801824 0.9199999999999999 0.44
21170000 802240 0.96 0.39999999999999997
21180000 802400 0.9199999999999999 0.43
21190000 802552 0.9199999999999999 0.44
21200000 802976 0.97 0.38
21210000 803128 0.94 0.39999999999999997
21220000 803288 0.8999999999999999 0.44999999999999996
21230000 803440 0.87 0.48
21240000 803864 0.9099999999999999 0.44999999999999996
21250000 804016 0.89 0.44999999999999996
21260000 804176 0.95 0.39999999999999997
21270000 804592 0.94 0.39999999999999997
21280000 804752 0.94 0.41
21290000 804912 0.9199999999999999 0.42
21300000 805328 0.94 0.39999999999999997
21310000 805488 0.9199999999999999 0.44
21320000 805640 0.98 0.36
21330000 805800 0.99 0.41
21340000 806216 0.9099999999999999 0.44
21350000 806376 0.95 0.42
21360000 806528 0.96 0.39999999999999997
21370000 806952 0.8999999999999999 0.44999999999999996
21380000 807104 0.9099999999999999 0.44999999999999996
21390000 807264 0.9299999999999999 0.44
21400000 807680 0.9299999999999999 0.45999999999999996
21410000 807840 0.94 0.41
21420000 807992 0.9099999999999999 0.45999999999999996
21430000 808152 0.9199999999999999 0.43
21440000 808576 0.94 0.41
21450000 808728 0.9299999999999999 0.42
21460000 808888 0.87 0.48
21470000 809304 0.9299999999999999 0.42
21480000 809464 0.96 0.38999999999999996
21490000 809616 0.97 0.42
21500000 809776 0.98 0.37
21510000 810192 0.9099999999999999 0.44999999999999996
21520000 810352 0.9299999999999999 0.44
21530000 810504 0.9199999999999999 0.44999999999999996
21540000 810928 0.98 0.39999999999999997
21550000 811080 0.8999999999999999 0.45999999999999996
21560000 811240 1.04 0.32999999999999996
21570000 811656 0.94 0.41
21580000 811816 0.9099999999999999 0.47
21590000 811968 0.9199999999999999 0.43
21600000 812128 0.94 0.42
21610000 812552 0.99 0.38
21620000 812704 0.96 0.39999999999999997
21630000 812864 0.98 0.38
21640000 813280 0.9199999999999999 0.44
21650000 813440 1.04 0.35
21660000 813592 0.96 0.41
21670000 814016 0.96 0.42
21680000 814168 0.94 0.45999999999999996
21690000 814328 0.9199999999999999 0.47
21700000 814480 0.95 0.43
21710000 814904 0.98 0.38999999999999996
21720000 815056 1.01 0.39999999999999997
21730000 815216 0.97 0.39999999999999997
21740000 815632 1.05 0.35
21750000 815792 0.96 0.41
21760000 815952 0.98 0.39999999999999997
21770000 816104 0.9299999999999999 0.43
21780000 816528 0.9199999999999999 0.44
21790000 816680 0.9099999999999999 0.45999999999999996
21800000 816840 0.9199999999999999 0.44
21810000 817256 0.88 0.5
21820000 817416 0.96 0.39999999999999997
21830000 817568 0.96 0.42
21840000 817992 0.9299999999999999 0.44
21850000 818144 0.95 0.43
21860000 818304 0.95 0.43
21870000 818456 0.94 0.44
21880000 818880 1.01 0.39999999999999997
21890000 819032 0.9199999999999999 0.47
21900000 819192 0.95 0.44999999999999996
21910000 819608 0.96 0.41
21920000 819768 0.97 0.43
21930000 819928 0.98 0.39999999999999997
21940000 820344 0.95 0.44
21950000 820504 0.98 0.38999999999999996
21960000 820656 0.8999999999999999 0.45999999999999996
21970000 820816 0.97 0.42
21980000 821232 0.98 0.38999999999999996
21990000 821392 1.02 0.38
22000000 821544 0.94 0.43
22010000 821968 0.96 0.44
22020000 822120 0.9199999999999999 0.45999999999999996
22030000 822280 0.98 0.39999999999999997
22040000 822432 0.98 0.41
22050000 822856 0.95 0.43
22060000 823008 0.9299999999999999 0.45999999999999996
22070000 823168 0.98 0.42
22080000 823592 1.01 0.38
22090000 823744 1.01 0.37
22100000 823904 0.99 0.39999999999999997
22110000 824320 0.9299999999999999 0.43
22120000 824480 0.9299999999999999 0.45999999999999996
22130000 824632 0.9299999999999999 0.44999999999999996
22140000 824792 0.95 0.44
22150000 825208 0.94 0.44
22160000 825368 0.94 0.44999999999999996
22170000 825520 1.01 0.39999999999999997
22180000 825944 0.97 0.41
22190000 826096 1.01 0.38999999999999996
22200000 826256 0.98 0.42
22210000 826408 0.96 0.43
22220000 826832 0.98 0.42
22230000 826984 0.97 0.42
22240000 827144 0.9199999999999999 0.48
22250000 827568 0.95 0.44
22260000 827720 0.98 0.43
22270000 827880 0.88 0.49
22280000 828296 0.98 0.41
22290000 828456 1.0 0.37
22300000 828608 0.9199999999999999 0.47
22310000 828768 0.98 0.41
22320000 829184 0.94 0.44
22330000 829344 0.99 0.42
22340000 829496 0.96 0.43
22350000 829920 0.99 0.42
22360000 830072 1.07 0.53
22370000 830232 0.89 0.45999999999999996
22380000 830648 0.87 0.43
22390000 830808 0.89 0.38999999999999996
22400000 830968 0.8099999999999999 0.49
22410000 831120 0.89 0.41
22420000 831544 0.9199999999999999 0.38
22430000 831696 0.87 0.42
22440000 831856 0.9099999999999999 0.38
22450000 832272 0.89 0.38999999999999996
22460000 832432 0.9199999999999999 0.38
22470000 832584 0.9099999999999999 0.38
22480000 832744 0.8999999999999999 0.38999999999999996
22490000 833160 0.9299999999999999 0.36
22500000 833320 0.89 0.39999999999999997
22510000 833472 0.88 0.42
22520000 833896 0.88 0.43
22530000 834048 0.86 0.44
22540000 834208 0.8999999999999999 0.38999999999999996
22550000 834624 0.89 0.41
22560000 834784 0.96 0.35
22570000 834944 0.9199999999999999 0.44
22580000 835096 0.94 0.38999999999999996
22590000 835520 0.9199999999999999 0.38999999999999996
22600000 835672 0.9099999999999999 0.41
22610000 835832 0.89 0.39999999999999997
22620000 836248 0.88 0.42
22630000 836408 0.85 0.45999999999999996
22640000 836560 0.86 0.45999999999999996
22650000 836984 0.89 0.41
22660000 837136 0.9099999999999999 0.39999999999999997
22670000 837296 0.89 0.44
22680000 837448 0.85 0.47
22690000 837872 0.86 0.43
22700000 838024 0.9199999999999999 0.38
22710000 838184 1.12 0.41
22720000 838608 0.95 0.48
22730000 838760 1.77 0.96
22740000 838920 0.7999999999999999 0.32999999999999996
22750000 839072 0.89 0.35
22760000 839496 0.7899999999999999 0.35
22770000 839648 0.7 0.3
22780000 839808 0.74 0.29
22790000 840224 0.65 0.33999999999999997
22800000 840384 0.7 0.32999999999999996
22810000 840536 0.73 0.73
22820000 840960 3.38 1.42
22830000 841112 2.45 1.0
22840000 841272 0.84 0.32999999999999996
22850000 841424 0.71 0.32
22860000 841848 0.7 0.3
22870000 842000 0.69 0.3
22880000 842160 0.71 0.29
22890000 842584 0.74 0.24
22900000 842736 0.71 0.31
22910000 842896 0.71 0.29
22920000 843312 3.11 1.37
22930000 843472 3.15 1.19
22940000 843624 2.6799999999999997 1.19
22950000 843784 2.5300000000000002 1.21
22960000 844200 2.62 1.12
22970000 844360 2.57 1.16
22980000 844512 2.48 1.23
22990000 844936 3.21 1.19
23000000 845088 2.76 1.22
23010000 845248 3.79 1.41
23020000 845400 1.26 0.38999999999999996
23030000 845824 0.86 0.37
23040000 845984 0.72 0.41
23050000 846136 1.19 0.5
23060000 846560 1.01 0.48
23070000 846712 1.31 0.6
23080000 846872 1.5 0.58
23090000 847288 1.1 0.47
23100000 847448 0.95 0.5
23110000 847600 0.99 0.44
23120000 847760 1.07 0.47
23130000 848176 0.97 0.49
23140000 848336 3.03 1.01
23150000 848488 2.15 0.97
23160000 848912 1.8399999999999999 0.6699999999999999
23170000 849064 1.26 0.6
23180000 849224 1.27 0.5599999999999999
23190000 849376 1.45 0.44
23200000 849800 1.69 0.5599999999999999
23210000 849960 1.6 0.62
23220000 850112 1.05 0.44999999999999996
23230000 850536 0.99 0.49
23240000 850688 1.65 0.49
23250000 850848 1.54 0.5399999999999999
23260000 851264 1.1 0.43
23270000 851424 1.13 0.5499999999999999
23280000 851576 1.01 0.44
23290000 851736 1.05 0.44999999999999996
23300000 852152 0.9199999999999999 0.44
23310000 852312 1.0 0.38
23320000 852464 0.96 0.41
23330000 852888 0.9199999999999999 0.44999999999999996
23340000 853040 1.04 0.38999999999999996
23350000 853200 0.97 0.44
23360000 853624 1.1 0.38999999999999996
23370000 853776 1.12 0.5
23380000 853936 1.25 0.51
23390000 854088 0.96 0.47
23400000 854512 0.96 0.5
23410000 854664 0.99 0.38
23420000 854824 0.9299999999999999 0.45999999999999996
23430000 855240 0.8999999999999999 0.45999999999999996
23440000 855400 0.96 0.44
23450000 855552 1.03 0.36
23460000 855712 0.95 0.48
23470000 856128 1.01 0.42
23480000 856288 1.09 0.45999999999999996
23490000 856440 1.07 0.48
23500000 856864 1.01 0.45999999999999996
23510000 857016 1.06 0.38999999999999996
23520000 857176 1.22 0.53
23530000 857600 1.26 0.57
23540000 857752 1.13 0.5
23550000 857912 1.17 0.5
23560000 858064 1.43 0.47
23570000 858488 1.11 0.5599999999999999
23580000 858640 1.18 0.51
23590000 858800 1.04 0.42
23600000 859216 0.95 0.44999999999999996
23610000 859376 0.98 0.41
23620000 859528 0.9099999999999999 0.47
23630000 859952 0.99 0.37
23640000 860104 1.05 0.43
23650000 860264 0.95 0.43
23660000 860416 0.89 0.47
23670000 860840 1.0 0.38999999999999996
23680000 861000 0.97 0.39999999999999997
23690000 861152 0.94 0.43
23700000 861576 0.89 0.48
23710000 861728 0.83 0.5499999999999999
23720000 861888 1.04 0.42
23730000 862040 1.08 0.45999999999999996
23740000 862464 1.09 0.38
23750000 862616 1.04 0.44
23760000 862776 1.04 0.43
23770000 863192 0.99 0.53
23780000 863352 1.04 0.53
23790000 863504 1.09 0.45999999999999996
23800000 863928 1.16 0.44999999999999996
23810000 864080 1.05 0.5
23820000 864240 1.19 0.41
23830000 864392 1.17 0.38
23840000 864816 0.99 0.42
23850000 864976 1.02 0.38999999999999996
23860000 865128 0.95 0.44
23870000 865552 1.02 0.44
23880000 865704 1.03 0.41
23890000 865864 1.09 0.48
23900000 866280 1.05 0.36
23910000 866440 0.95 0.44
23920000 866592 1.02 0.42
23930000 866752 1.05 0.42
23940000 867168 1.02 0.43
23950000 867328 1.07 0.42
23960000 867480 1.05 0.39999999999999997
23970000 867904 0.98 0.42
23980000 868056 1.08 0.44
23990000 868216 1.13 0.39999999999999997
24000000 868376 1.1 0.51
24010000 868792 0.95 0.49
24020000 868952 1.09 0.43
24030000 869104 1.1 0.43
24040000 869528 1.02 0.43
24050000 869680 1.0 0.41
24060000 869840 1.0 0.39999999999999997
24070000 870256 1.02 0.44999999999999996
24080000 870416 0.97 0.5
24090000 870568 0.96 0.44
24100000 870728 0.99 0.43
24110000 871144 0.9099999999999999 0.47
24120000 871304 0.94 0.47
24130000 871456 0.94 0.44999999999999996
24140000 871880 1.07 0.36
24150000 872032 1.03 0.42
24160000 872192 1.0 0.45999999999999996
24170000 872616 1.01 0.39999999999999997
24180000 872768 1.1 0.41
24190000 872928 1.19 0.52
24200000 873080 1.2 0.49
24210000 873504 1.11 0.38999999999999996
24220000 873656 0.99 0.49
24230000 873816 1.13 0.43
24240000 874232 1.07 0.43
24250000 874392 1.03 0.44999999999999996
24260000 874544 1.07 0.39999999999999997
24270000 874704 1.06 0.48
24280000 875120 1.08 0.42
24290000 875280 1.06 0.43
24300000 875432 1.1 0.36
24310000 875856 1.04 0.41
24320000 876016 0.97 0.45999999999999996
24330000 876168 1.13 0.44999999999999996
24340000 876592 1.11 0.38
24350000 876744 1.21 0.38
24360000 876904 1.0 0.43
24370000 877056 1.11 0.35
24380000 877480 0.95 0.47
24390000 877632 1.3399999999999999 0.44999999999999996
24400000 877792 1.0 0.5599999999999999
24410000 878208 1.02 0.47
24420000 878368 1.29 0.42
24430000 878520 1.15 0.5
24440000 878680 1.02 0.44
24450000 879096 1.0 0.44
24460000 879256 1.0 0.41
24470000 879408 0.98 0.42
24480000 879832 0.9199999999999999 0.49
24490000 879992 1.02 0.38999999999999996
24500000 880144 1.07 0.38999999999999996
24510000 880568 0.94 0.45999999999999996
24520000 880720 1.05 0.37
24530000 880880 1.02 0.38999999999999996
24540000 881032 1.15 0.41
24550000 881456 1.12 0.41
24560000 881608 1.27 0.49
24570000 881768 1.17 0.45999999999999996
24580000 882184 1.11 0.5
24590000 882344 0.97 0.45999999999999996
24600000 882496 1.04 0.42
24610000 882920 1.03 0.42
24620000 883072 1.02 0.43
24630000 883232 0.99 0.43
24640000 883392 1.15 0.38999999999999996
24650000 883808 1.0 0.47
24660000 883968 1.14 0.39999999999999997
24670000 884120 1.03 0.44
24680000 884544 1.12 0.41
24690000 884696 1.04 0.43
24700000 884856 1.1 0.5
24710000 885008 1.04 0.5
24720000 885432 1.05 0.44
24730000 885584 1.01 0.45999999999999996
24740000 885744 0.97 0.48
24750000 886160 1.01 0.45999999999999996
24760000 886320 0.97 0.44
24770000 886472 0.98 0.44999999999999996
24780000 886896 1.1 0.5499999999999999
24790000 887048 0.99 0.44
24800000 887208 1.1 0.43
24810000 887368 1.14 0.42
24820000 887784 1.26 0.44
24830000 887944 1.12 0.44999999999999996
24840000 888096 0.94 0.47
24850000 888520 0.99 0.47
24860000 888672 1.07 0.39999999999999997
24870000 888832 0.95 0.49
24880000 889248 0.95 0.48
24890000 889408 1.05 0.44
24900000 889560 1.0 0.47
24910000 889720 0.99 0.45999999999999996
24920000 890136 1.14 0.44
24930000 890296 1.19 0.47
24940000 890448 1.1 0.44999999999999996
24950000 890872 1.04 0.39999999999999997
24960000 891032 1.19 0.47
24970000 891184 1.13 0.44999999999999996
24980000 891344 1.13 0.42
24990000 891760 1.05 0.44999999999999996
25000000 891920 1.01 0.44999999999999996
25010000 892072 1.12 0.48
25020000 892496 1.16 0.43
25030000 892648 0.9299999999999999 0.5
25040000 892808 1.2 0.37
25050000 893224 1.19 0.44999999999999996
25060000 893384 1.19 0.45999999999999996
25070000 893536 1.12 0.44
25080000 893696 1.07 0.43
25090000 894112 1.02 0.44999999999999996
25100000 894272 1.01 0.44999999999999996
25110000 894424 1.03 0.43
25120000 894848 1.04 0.44
25130000 895008 1.05 0.43
25140000 895160 1.06 0.44999999999999996
25150000 895584 1.33 0.45999999999999996
25160000 895736 1.22 0.42
25170000 895900 0.99 0.44
25180000 896052 1.04 0.45999999999999996
25190000 896476 1.29 0.45999999999999996
25200000 896628 1.19 0.5499999999999999
25210000 896788 1.09 0.5399999999999999
25220000 897204 1.33 0.5399999999999999
25230000 897364 1.19 0.52
25240000 897516 1.15 0.44
25250000 897676 1.01 0.48
25260000 898092 1.07 0.45999999999999996
25270000 898252 1.43 0.59
25280000 898412 1.22 0.5399999999999999
25290000 898828 1.44 0.41
25300000 898988 1.28 0.44
25310000 899140 0.94 0.53
25320000 899564 1.0 0.47
25330000 899716 1.06 0.41
25340000 899876 1.06 0.41
25350000 900028 1.06 0.44
25360000 900452 0.99 0.49
25370000 900604 0.98 0.48
25380000 900764 1.11 0.36
25390000 901180 1.0 0.44999999999999996
25400000 901340 1.07 0.39999999999999997
25410000 901492 1.02 0.45999999999999996
25420000 901652 1.02 0.44999999999999996
25430000 902068 1.17 0.39999999999999997
25440000 902228 1.24 0.52
25450000 902388 0.98 0.5499999999999999
25460000 902804 1.04 0.44999999999999996
25470000 902964 1.05 0.43
25480000 903116 1.03 0.44
25490000 903540 1.16 0.48
25500000 903692 1.14 0.41
25510000 903852 1.06 0.43
25520000 904004 1.02 0.44999999999999996
25530000 904428 1.05 0.42
25540000 904580 1.05 0.41
25550000 904740 1.03 0.45999999999999996
25560000 905156 1.08 0.42
25570000 905316 1.15 0.52
25580000 905468 1.12 0.51
25590000 905892 1.02 0.48
25600000 906052 1.0 0.45999999999999996
25610000 906204 1.5 0.45999999999999996
25620000 906364 1.25 0.42
25630000 906780 1.04 0.44999999999999996
25640000 906940 1.38 0.58
25650000 907092 1.13 0.35
25660000 907516 1.25 0.45999999999999996
25670000 907668 1.04 0.44999999999999996
25680000 907828 1.11 0.38
25690000 907980 1.05 0.44
25700000 908404 1.06 0.43
25710000 908556 1.02 0.44999999999999996
25720000 908716 1.01 0.47
25730000 909132 1.09 0.41
25740000 909292 0.99 0.49
25750000 909444 0.94 0.5499999999999999
25760000 909868 1.03 0.45999999999999996
25770000 910028 1.04 0.44
25780000 910180 1.03 0.44
25790000 910340 1.04 0.47
25800000 910756 1.05 0.44
25810000 910916 1.05 0.44999999999999996
25820000 911068 1.04 0.44999999999999996
25830000 911492 1.05 0.43
25840000 1370688 1.52 2.85
25850000 1388516 1.5499999999999998 2.19
25860000 1391592 1.5 2.95
25870000 1392728 1.53 2.21
25880000 1382716 1.51 2.21
25890000 1388456 1.41 2.33
25900000 1393172 1.54 2.36
25910000 1394340 1.5899999999999999 2.85
25920000 1391360 1.6099999999999999 2.79
25930000 1392028 1.71 2.33
25940000 1376584 1.7799999999999998 2.41
25950000 1392108 1.42 2.73
25960000 1393868 1.51 2.83
25970000 1390796 1.67 2.57
25980000 1383072 1.71 2.7
25990000 1390176 1.51 2.41
26000000 1393920 1.5499999999999998 2.63
26010000 1392476 1.42 2.44
26010000 1377772 1.6 2.77
26040000 1388816 1.67 2.66
26070000 1393768 1.6400000000000001 3.12
26100000 1387292 1.52 2.57
26130000 1384356 1.62 2.23
26160000 1392320 1.6099999999999999 2.5300000000000002
26190000 1393932 1.45 2.48
26220000 1392824 1.51 2.33
26250000 1392108 1.46 2.25
26280000 1388256 1.58 2.24
26310000 1392964 1.74 2.48
26340000 1393996 1.71 2.89
26370000 1393648 1.81 2.5
26400000 1389700 1.62 2.58
26430000 1384536 1.63 3.2
26460000 1393556 1.5 2.61
26490000 1393928 1.62 2.75
26520000 1393112 1.65 2.75
26550000 1391388 1.7999999999999998 3.1
26580000 1382024 1.5899999999999999 2.73
26610000 1387692 1.77 2.94
26640000 1391716 1.74 2.7199999999999998
26670000 1391120 1.66 2.84
26700000 1393500 1.5899999999999999 2.77
26730000 1384844 1.8599999999999999 3.25
26760000 1392800 1.68 2.7
26790000 1392040 1.74 3.16
26820000 1392880 1.7799999999999998 3.11
26850000 1387908 1.5499999999999998 2.37
26880000 1391024 1.76 2.5300000000000002
26910000 1394364 1.7799999999999998 2.9
26940000 1393280 1.65 2.83
26970000 1393628 1.6 2.9
27000000 1382036 2.04 3.2
27030000 1393280 1.62 2.57
27060000 1393016 1.83 3.2
27090000 1388840 1.71 2.61
27120000 1390972 1.54 2.65
27150000 1385132 1.65 2.26
27180000 1382784 1.8399999999999999 3.23
27210000 1387684 1.65 3.23
27240000 1392576 1.7999999999999998 3.4
27270000 1390608 1.87 2.99
27300000 1385244 2.02 3.23
27330000 1393392 1.73 2.22
27360000 1394808 1.7999999999999998 2.9699999999999998
27390000 1393524 1.76 2.4699999999999998
