0 3692.0 0.0025042450288310647 0.002153 0.003238
25000 4640.0 0.004168084007687867 0.0030429999999999997 0.00373
52000 7548.0 0.009545523091219366 0.006019999999999999 0.0061259999999999995
81000 7008.0 0.007289106957614422 0.005378 0.004163
112000 11736.0 0.023439240991137922 0.010537999999999999 0.009496
145000 10384.0 0.021252052043564618 0.011682 0.011108999999999999
180000 10616.0 0.01618944201618433 0.010525999999999999 0.007626999999999999
217000 19172.0 0.0276121839415282 0.016109 0.013916999999999999
256000 20088.0 0.030060745077207685 0.017913 0.014310999999999999
297000 16692.0 0.02187882293947041 0.014612 0.01013
340000 17276.0 0.023858636966906488 0.016937 0.009216
385000 17996.0 0.02499634597916156 0.017325999999999998 0.009856
432000 35240.0 0.05327419494278729 0.029272 0.025477
481000 35988.0 0.050383355002850294 0.030673 0.022168
532000 31892.0 0.045289171976037323 0.029671999999999997 0.017993
585000 32332.0 0.04710683203302324 0.031453 0.018387
640000 32768.0 0.057766501093283296 0.035442999999999995 0.023843
697000 33184.0 0.05433363700285554 0.035879999999999995 0.020855
756000 33636.0 0.056048914906568825 0.037798 0.020628999999999998
817000 59000.0 0.09406734199728817 0.057885 0.038542
880000 59436.0 0.09761341102421284 0.061688999999999994 0.038246999999999996
945000 59948.0 0.09998147492296994 0.062048 0.040358
1012000 60412.0 0.10153061000164598 0.062928 0.040749
1081000 53564.0 0.08075468393508345 0.05511 0.027905
1152000 54700.0 0.08497057890053838 0.0584 0.028960999999999997
1225000 55868.0 0.08731436601374298 0.05937 0.030341
1300000 57044.0 0.09148810501210392 0.062767 0.030740999999999997
1377000 58244.0 0.0936176449758932 0.06555899999999999 0.030448
1456000 59464.0 0.09905236307531595 0.06822399999999999 0.033157
1537000 60752.0 0.10090750001836568 0.069479 0.033517
1620000 111420.0 0.17633974796626717 0.10737 0.070058
1705000 112800.0 0.19038038002327085 0.1151 0.074816
1792000 114196.0 0.24079428205732256 0.127588 0.09690399999999999
1881000 115544.0 0.18798606097698212 0.11903599999999999 0.071282
1972000 116944.0 0.2153983049793169 0.12592499999999998 0.086056
2065000 118436.0 0.222235559951514 0.131178 0.08691299999999999
2160000 110544.0 0.20762354601174593 0.124093 0.080194
2257000 111304.0 0.21777456800919026 0.125943 0.087146
2356000 112072.0 0.1936955989804119 0.126419 0.06959599999999999
2457000 112888.0 0.24475728592369705 0.144761 0.085991
2560000 113708.0 0.22190935700200498 0.137964 0.082969
2665000 114484.0 0.2144294180907309 0.138873 0.07621399999999999
2772000 115344.0 0.2204121929826215 0.145368 0.075547
2881000 116136.0 0.21565252100117505 0.144469 0.07277399999999999
2992000 117036.0 0.23236125498078763 0.15301399999999998 0.07842299999999999
3105000 117928.0 0.250781032955274 0.157212 0.08773099999999999
3220000 126952.0 0.24692800699267536 0.162773 0.08360999999999999
3337000 260052.0 0.4814221609849483 0.259339 0.21221299999999998
3456000 260964.0 0.4744024219689891 0.259922 0.20585799999999999
3577000 261924.0 0.4412452320102602 0.261957 0.18092999999999998
3700000 262884.0 0.44827694492414594 0.262289 0.187409
3825000 263808.0 0.45274869399145246 0.269106 0.18467799999999998
3952000 264856.0 0.47718861303292215 0.276652 0.199325
4081000 265836.0 0.4653290091082454 0.279613 0.186602
4212000 201588.0 0.3141679910477251 0.215145 0.10112399999999999
4345000 203716.0 0.3221490338910371 0.216856 0.10717199999999999
4480000 205772.0 0.3421116769313812 0.220796 0.119836
4617000 207952.0 0.33556979103013873 0.223881 0.113743
4756000 210132.0 0.3449178950395435 0.23399899999999998 0.11258399999999999
4897000 212384.0 0.34780191408935934 0.238415 0.110967
5040000 214548.0 0.36153709096834064 0.249105 0.114435
5185000 216832.0 0.36119762097951025 0.24634199999999998 0.116265
5332000 219124.0 0.3721164930611849 0.255328 0.118269
5481000 221452.0 0.3741331329802051 0.25899099999999997 0.11698299999999999
5632000 223812.0 0.38916750403586775 0.270391 0.12077399999999999
5785000 226276.0 0.39346975996159017 0.27466399999999996 0.120997
5940000 228600.0 0.40526806097477674 0.282264 0.124182
6097000 231096.0 0.40311764902435243 0.288142 0.11727599999999999
6256000 233580.0 0.40515166509430856 0.285165 0.12197699999999999
6417000 236132.0 0.41613246698398143 0.297037 0.12128299999999999
6580000 502820.0 0.7874382950831205 0.46929699999999996 0.319061
6745000 505372.0 0.8134095129789785 0.48199499999999995 0.330349
6912000 508000.0 0.8212828510440886 0.487985 0.334673
7081000 510624.0 0.8082724320702255 0.483909 0.326154
7252000 513340.0 0.8129556610947475 0.49920099999999995 0.315208
7425000 516024.0 0.8354888489702716 0.5045919999999999 0.329546
7600000 518768.0 0.8425613429863006 0.515671 0.32787
7777000 521480.0 0.8357834999915212 0.513473 0.324137
7956000 524316.0 0.8565877369837835 0.530385 0.32711
8137000 527160.0 0.8643741720588878 0.537397 0.32825499999999996
8320000 529988.0 0.8722520290175453 0.536256 0.33708099999999996
8505000 464716.0 0.743211274035275 0.487763 0.257028
8692000 466188.0 0.7724370900541544 0.5015189999999999 0.269171
8881000 467644.0 0.7827546150656417 0.504875 0.275374
9072000 469208.0 0.8715329490369186 0.527204 0.31752199999999997
9265000 470712.0 0.9190980528946966 0.557976 0.324918
9460000 472220.0 0.8489701939979568 0.545111 0.29062499999999997
9657000 473772.0 0.8095780549338087 0.52859 0.278421
9856000 475316.0 0.8260616631014273 0.539354 0.285159
10057000 476864.0 0.8178031970746815 0.545226 0.27378199999999997
10260000 478484.0 0.8213625439675525 0.545909 0.275536
10465000 480052.0 0.8988161080051214 0.575577 0.312393
10672000 481656.0 0.8485309929819778 0.574917 0.27502
10881000 483300.0 0.8681876020273194 0.581596 0.288024
11092000 484896.0 0.8837916019838303 0.583091 0.29869599999999996
11305000 486592.0 0.8858282039873302 0.5934159999999999 0.290861
11520000 488272.0 0.8947225449373946 0.601743 0.293633
11737000 489988.0 0.9118695629294962 0.61104 0.299938
11956000 491728.0 0.9198494760785252 0.6202259999999999 0.298708
12177000 493464.0 0.9404741710750386 0.63076 0.30518
12400000 495212.0 0.9770785060245544 0.655335 0.317809
12625000 496904.0 0.99092429690063 0.666565 0.321009
12852000 498688.0 0.9874794899951667 0.6636259999999999 0.318775
13081000 897740.0 1.794417389901355 1.019454 0.717691
13312000 899604.0 2.7014274889370427 1.266296 0.8535809999999999
13545000 901464.0 2.1551235299557447 1.206152 0.8243809999999999
13780000 903272.0 1.6759280399419367 1.013733 0.643548
14017000 905128.0 1.673317636945285 1.023135 0.62996
14256000 907008.0 1.6839648979948834 1.027755 0.63989
14497000 908872.0 1.6847442260477692 1.042382 0.623275
14740000 910776.0 1.690668736002408 1.037518 0.635037
14985000 912656.0 1.7019609260605648 1.063074 0.6224109999999999
15232000 914600.0 1.7071151710115373 1.056529 0.632224
15481000 916536.0 1.7365761740365997 1.0795379999999999 0.635958
15732000 918504.0 1.758893976919353 1.103573 0.635702
15985000 920472.0 1.761045504012145 1.108174 0.636914
16240000 922496.0 1.7606918549863622 1.110111 0.627329
16497000 924520.0 1.7801553830504417 1.122683 0.6370009999999999
16756000 926892.0 1.8252799600595608 1.148641 0.653899
17017000 797996.0 1.3316103579709306 0.906574 0.421737
17280000 802080.0 1.3266760149272159 0.916597 0.408395
17545000 806248.0 1.3597259280504659 0.930302 0.426535
17812000 810436.0 1.3751433129655197 0.943889 0.42816
18081000 814640.0 1.3994381809607148 0.962305 0.43376299999999995
18352000 818880.0 1.390838606050238 0.9666319999999999 0.42275399999999996
18625000 823148.0 1.417124246014282 0.974802 0.437809
18900000 827468.0 1.4472118109697476 0.996401 0.44675499999999996
19177000 831740.0 1.4557381499325857 0.9997889999999999 0.45342699999999997
19456000 836084.0 1.4245998649857938 0.993869 0.429619
19737000 840468.0 1.4676594140473753 1.024213 0.441231
20020000 844884.0 1.4746310060145333 1.037735 0.434828
20305000 849404.0 1.5058972220867872 1.058309 0.44415299999999996
20592000 853808.0 1.5321111229714006 1.068549 0.46057899999999996
20881000 858392.0 1.532903635990806 1.082825 0.44673999999999997
21172000 862928.0 1.5582856350811198 1.092824 0.46322199999999997
21465000 867536.0 1.568412150023505 1.09451 0.469462
21760000 872100.0 1.5234144569840282 1.086387 0.437324
22057000 876764.0 1.584046337986365 1.125289 0.45594599999999996
22356000 881388.0 1.5989604039350525 1.137676 0.458095
22657000 886100.0 1.6119068710831925 1.153478 0.457022
22960000 890840.0 1.5966930489521474 1.14975 0.447036
23265000 895624.0 1.63240204192698 1.166485 0.46413
23572000 900356.0 1.6491046409355476 1.172784 0.47308
23881000 905228.0 1.6685035140253603 1.199288 0.46702499999999997
24192000 910152.0 1.711065485025756 1.216381 0.49198699999999995
24505000 915000.0 1.7030709609389305 1.225086 0.475394
24820000 919916.0 1.7563954039942473 1.22623 0.509807
25137000 924864.0 1.7358121470315382 1.23544 0.49212399999999995
25456000 929780.0 1.7595829819329083 1.267054 0.486322
25777000 934828.0 1.7650712640024722 1.263455 0.49524199999999996
26100000 1734532.0 3.1668799880426377 1.979952 1.095607
26425000 1735512.0 2.9789285990409553 1.9293339999999999 1.044418
26752000 1740608.0 2.9381858489941806 1.924753 1.011792
27081000 1745760.0 2.9973532119765878 1.958542 1.037765
27412000 1750940.0 2.9815699480241165 1.9636049999999998 1.016244
27745000 1756144.0 3.1542972089955583 2.021471 1.103701
28080000 1761384.0 3.0573123829672113 2.009118 1.0390220000000001
28417000 1766636.0 3.0536911169765517 2.017847 1.033864
28756000 1771956.0 3.3696893309243023 2.179818 1.138739
29097000 1777296.0 3.1810999020235613 2.079194 1.089208
29440000 1782624.0 3.1759544890373945 2.096067 1.065453
29785000 1787976.0 3.163504548021592 2.075319 1.087367
30132000 1793452.0 3.1330450099194422 2.08183 1.050948
30481000 1798860.0 3.1798294220352545 2.122376 1.055947
30832000 1804360.0 3.1735961079830304 2.130093 1.042672
31185000 1809872.0 3.187604752019979 2.131231 1.0559
31540000 1815428.0 3.24518975103274 2.1578910000000002 1.084987
31897000 1820996.0 3.2455661200219765 2.170437 1.074693
32256000 1826580.0 3.247902065049857 2.193021 1.053729
32617000 1832248.0 3.28429307800252 2.20829 1.071357
32980000 1837908.0 3.297061341931112 2.206243 1.089304
33345000 1843628.0 3.338551109074615 2.234265 1.100351
33712000 1847448.0 3.0772624210221693 1.992119 1.083618
34081000 1850332.0 3.0838628499768674 2.002693 1.080477
34452000 1853240.0 3.160292860935442 2.052725 1.104516
34825000 1856188.0 3.925344074028544 2.31679 1.312327
35200000 1859060.0 3.913251133984886 2.325613 1.2703419999999999
35577000 1862032.0 3.427888516918756 2.151769 1.228057
35956000 1865052.0 3.5059073609299958 2.23209 1.206601
36337000 1867972.0 3.527975552016869 2.267391 1.171557
36720000 1870944.0 3.503870317945257 2.228704 1.207897
37105000 1873964.0 3.348134074942209 2.226331 1.091388
37492000 1877000.0 3.711447863955982 2.308884 1.2085569999999999
37881000 1880052.0 3.4201715170638636 2.242268 1.167446
38272000 1883092.0 3.441815981059335 2.232593 1.19807
38665000 1886140.0 3.3762749469606206 2.231595 1.137172
39060000 1889300.0 3.4099175239680335 2.268651 1.138493
39457000 1892348.0 3.5106741830240935 2.357487 1.133551
39856000 1895500.0 3.640128185041249 2.457599 1.168853
40257000 1898560.0 3.6831042299745604 2.441814 1.2131859999999999
40660000 1901760.0 3.5522797560552135 2.405693 1.134794
41065000 1904944.0 3.520438168081455 2.319374 1.187212
41472000 1908088.0 3.5930287099909037 2.356859 1.199053
41881000 1911308.0 4.097961317049339 2.621744 1.259551
42292000 1914532.0 4.12120321393013 2.6104789999999998 1.2514750000000001
42705000 1917728.0 4.022589865955524 2.533639 1.3019370000000001
43120000 1920996.0 3.716332755982876 2.4910069999999997 1.207698
43537000 1885768.0 4.700092972023413 2.87494 1.4133529999999999
43956000 1927480.0 3.9172977089183405 2.572303 1.287163
44377000 1930820.0 3.8115157909924164 2.533419 1.244366
44800000 1934080.0 4.452131345053203 2.883676 1.397916
45225000 1937416.0 4.23023683403153 2.74716 1.292274
45652000 1940724.0 3.8507262350758538 2.56089 1.248585
46081000 1944096.0 3.9285647079814225 2.626702 1.273863
46512000 1947480.0 4.030730726080947 2.6749039999999997 1.236738
46945000 1950868.0 4.390257007908076 2.846356 1.317289
47380000 1954252.0 4.5478706900030375 2.935648 1.361397
47817000 1957692.0 4.377686675987206 2.820796 1.423136
48256000 1961120.0 4.484622391988523 2.869397 1.370952
48697000 1964580.0 4.184006082941778 2.812296 1.307539
49140000 1967952.0 4.306595457950607 2.822157 1.263795
49585000 1971472.0 4.523696769028902 2.953801 1.315332
50032000 1975048.0 4.415083084022626 2.966058 1.372332
50481000 1978500.0 4.340075896005146 2.935965 1.3436460000000001
50932000 1982016.0 4.853884772979654 3.06802 1.465768
51385000 1985524.0 4.643075113999657 3.122516 1.403069
51840000 2412656.0 8.58773102494888 4.657445 3.615034
52297000 2613196.0 7.772884467034601 4.429052 2.960223
52756000 2704928.0 8.097290659905411 4.5697980000000005 3.212743
53217000 2846140.0 7.821963845053688 4.436475 3.045832
53680000 3059476.0 7.8157301059691235 4.46098 3.118781
54145000 3061976.0 8.146366465021856 4.570925 3.205988
54612000 3206232.0 8.319961408036761 4.521271 3.404943
55081000 3236852.0 8.314284648979083 4.571247 3.390371
55552000 3153160.0 8.59982520993799 4.670095 3.539325
56025000 3204864.0 8.475477483007126 4.7322 3.373816
56500000 3307600.0 8.164565554005094 4.629231 3.255466
56977000 3337944.0 8.25963418604806 4.678412 3.296297
57456000 3115944.0 9.513997904025018 4.947522 3.873981
57937000 3048520.0 9.068126796977594 4.919116 3.685389
58420000 3364804.0 8.29795658600051 4.713488 3.311833
58905000 3381264.0 8.517673688940704 4.794967 3.34983
59392000 3417496.0 8.074788075988181 4.64017 3.18954
59881000 3379444.0 8.383048976073042 4.798848 3.279182
60372000 3456460.0 8.378375921049155 4.809724 3.35179
60865000 3441896.0 8.58996682590805 4.883117 3.345816
61360000 3264100.0 9.047495728940703 4.921237 3.5588480000000002
61857000 3166196.0 9.676339601050131 5.221774 3.763322
62356000 3161472.0 9.136576981982216 5.059203 3.593685
62857000 3145392.0 8.823466533911414 5.018883 3.465165
63360000 3266592.0 8.375790485995822 4.877558 3.241997
63865000 3364596.0 8.467514334945008 4.962054 3.282282
64372000 3200900.0 9.026595021015964 5.053853 3.530705
64881000 3015652.0 10.26111734600272 5.5698609999999995 3.778835
65392000 3634544.0 8.144406143925153 4.927553 3.05294
65905000 3688244.0 8.050804582075216 4.883733 2.936022
66420000 3692276.0 8.118564820033498 4.933458 2.936325
66937000 3652760.0 8.40992907306645 4.976762 3.153843
67456000 3171268.0 5.839356662007049 3.934671 1.761701
67977000 3179380.0 5.524041720083915 3.791842 1.694118
68500000 3187568.0 5.458747319993563 3.821609 1.6257329999999999
69025000 3195752.0 5.442925633047707 3.777162 1.653012
69552000 3204004.0 5.581819043960422 3.9185 1.650121
70081000 3212296.0 5.7320091150468215 3.986736 1.689559
70612000 3220548.0 5.759841519990005 4.049927 1.696608
71145000 3228896.0 5.893287088954821 4.109486 1.769741
71680000 3237236.0 5.819584787939675 3.943836 1.791134
72217000 3213848.0 6.234960693051107 4.14021 1.782907
72756000 3231764.0 6.027073182049207 3.956585 1.817032
73297000 3217932.0 6.300644370028749 4.180448 1.802268
73840000 3226992.0 6.117751782992855 4.087333 1.764764
74385000 3111512.0 6.402814163011499 4.139304 1.942998
74932000 2779948.0 7.322408313979395 4.710491 2.164326
75481000 3251324.0 6.252081312937662 4.155982 1.893904
76032000 3305300.0 6.100655719055794 4.190794 1.834314
76585000 3111376.0 7.121777908992954 4.576277 2.048128
77140000 3227744.0 6.449065450928174 4.33241 1.932902
77697000 3245484.0 6.4688391960226 4.309102 1.8974769999999999
78256000 3339976.0 6.355019271024503 4.42462 1.849829
78817000 3348776.0 6.510235878988169 4.459947 1.9316559999999998
79380000 3237264.0 6.902464295038953 4.581377 1.941465
79945000 3256160.0 6.790825459989719 4.55099 1.939175
80512000 3286956.0 6.601274374988861 4.475026 1.8876469999999999
81081000 3261096.0 6.446740671992302 4.423215 1.7867929999999999
81652000 3246484.0 6.446662219008431 4.403292 1.8345069999999999
82225000 3180572.0 7.0478202420054 4.593846 2.031154
82800000 3109232.0 6.856570834061131 4.590796 2.014186
83377000 3420048.0 6.825275512994267 4.72955 1.9250289999999999
83956000 3429080.0 6.139441634062678 4.386774 1.7388080000000001
84537000 3438136.0 6.19124205596745 4.415429 1.764899
85120000 3447264.0 6.209606979973614 4.462455 1.738852
85705000 3456396.0 6.594579344964586 4.613359 1.885073
86292000 3465600.0 6.488545364001766 4.507148 1.805758
86881000 3474768.0 6.76537149597425 4.682682 1.857895
87472000 3483224.0 7.272267714026384 4.884424 2.00186
88065000 3478128.0 6.819289734936319 4.699926 1.85895
88660000 3478736.0 6.77831906802021 4.659828 1.8474279999999998
89257000 3270500.0 7.405111917993054 5.053702 2.008597
89856000 3428800.0 6.798144807922654 4.707779 1.842863
90457000 3471752.0 6.74309822905343 4.733483 1.761542
91060000 3388864.0 7.255646839970723 4.950057 2.037744
91665000 3352368.0 7.656364733935334 5.148293 2.144511
92272000 3352440.0 7.49655270203948 5.069598 2.077544
92881000 3405408.0 7.2759437300264835 4.962571 2.020317
93492000 3414712.0 7.963840220938437 5.326111 2.21587
94105000 3381416.0 7.5580062250373885 5.13355 2.121968
94720000 3494256.0 7.576409020926803 5.076464 2.111669
95337000 3493080.0 7.731834166916087 5.283215 2.084585
95956000 2934588.0 8.491733322967775 5.446951 2.532501
96577000 3513572.0 8.153773213038221 5.520392 2.17454
97200000 3636052.0 8.02457457408309 5.549669 2.239607
97825000 3645752.0 7.471268426044844 5.34638 2.010367
98452000 3655580.0 7.7003766789566725 5.453773 2.083782
99081000 3665412.0 7.721501513035037 5.511986 2.062118
99712000 3675264.0 7.583184454008006 5.3316230000000004 2.125667
