0 35152.0 0.00133507999998983 0.0 0.0
25000 36660.0 0.002095527999699698 0.0 0.0
52000 39844.0 0.00486714699991353 0.0 0.0
81000 38760.0 0.004164125999977841 0.0 0.0
112000 42328.0 0.00864651900019453 0.0 0.0
145000 42556.0 0.008291991999612947 0.0 0.0
180000 42832.0 0.009140212000147585 0.01 0.0
217000 51372.0 0.018126227999800903 0.01 0.0
256000 51660.0 0.019024410000383796 0.0 0.02
297000 46960.0 0.01437085100042168 0.0 0.01
340000 47752.0 0.01548823600023752 0.01 0.0
385000 48808.0 0.017310592000285396 0.01 0.0
432000 63816.0 0.0317949669997688 0.03 0.0
481000 63816.0 0.03359120899995105 0.02 0.01
532000 68244.0 0.03443237100009355 0.03 0.0
585000 68508.0 0.036054032999800256 0.01 0.02
640000 69036.0 0.038959523999892554 0.02 0.02
697000 69300.0 0.043627559000015026 0.01 0.03
756000 69828.0 0.04373650199977419 0.02 0.02
817000 92132.0 0.07088253999972949 0.06 0.01
880000 92864.0 0.07339822099993398 0.04 0.03
945000 93636.0 0.0768957419995786 0.06 0.01
1012000 94424.0 0.07897393399980501 0.06 0.01
1081000 81724.0 0.06293348400004106 0.04 0.02
1152000 83364.0 0.06677383800024472 0.06 0.0
1225000 85292.0 0.06877395100036665 0.01 0.06
1300000 86996.0 0.0726586219998353 0.04 0.03
1377000 88724.0 0.07693183999981557 0.04 0.03
1456000 90484.0 0.08058870300010312 0.06 0.02
1537000 92540.0 0.07973078800023359 0.049999999999999996 0.03
1620000 128416.0 0.13526570200019705 0.06 0.06999999999999999
1705000 130696.0 0.13836412499995276 0.06 0.06999999999999999
1792000 132760.0 0.1438092289999986 0.08 0.06
1881000 135104.0 0.14267228400012755 0.09 0.049999999999999996
1972000 137496.0 0.15315747100021326 0.06999999999999999 0.08
2065000 139664.0 0.23016277399983665 0.15 0.08
2160000 151056.0 0.1817086749997543 0.12 0.06
2257000 152344.0 0.1860672020002312 0.09999999999999999 0.08
2356000 153380.0 0.15663055100003476 0.11 0.04
2457000 154696.0 0.15746545699994385 0.09999999999999999 0.049999999999999996
2560000 155768.0 0.16012254499992196 0.11 0.049999999999999996
2665000 157116.0 0.16770535699970424 0.09999999999999999 0.06
2772000 158216.0 0.17931983600010426 0.12 0.06
2881000 159592.0 0.17465372900005605 0.09 0.08
2992000 160724.0 0.1899871450000319 0.12 0.06999999999999999
3105000 162136.0 0.19593573299971467 0.15 0.04
3220000 163300.0 0.19309582100004263 0.11 0.08
3337000 262476.0 0.4949249599999348 0.16999999999999998 0.32
3456000 263408.0 0.3100981940001475 0.16999999999999998 0.13999999999999999
3577000 264352.0 0.3369558109998252 0.13999999999999999 0.19
3700000 265312.0 0.32374644800029273 0.21 0.11
3825000 266288.0 0.3266874679998182 0.21 0.11
3952000 267280.0 0.3469467539998732 0.19999999999999998 0.13999999999999999
4081000 268288.0 0.3558253659998627 0.24 0.11
4212000 205116.0 0.28372667699977683 0.16 0.12
4345000 208252.0 0.2602900529996077 0.16999999999999998 0.09
4480000 211420.0 0.27463848699972004 0.16999999999999998 0.09999999999999999
4617000 214612.0 0.26805482100007794 0.16 0.09999999999999999
4756000 217844.0 0.2699789979997149 0.16999999999999998 0.09999999999999999
4897000 221100.0 0.28363148899961743 0.18 0.09999999999999999
5040000 224388.0 0.28862822600012805 0.19 0.09
5185000 227972.0 0.29411534999962896 0.22 0.06999999999999999
5332000 231332.0 0.3002241250001134 0.18 0.12
5481000 234980.0 0.33297468499995375 0.22999999999999998 0.09999999999999999
5632000 238396.0 0.3149150669996743 0.18 0.13
5785000 242100.0 0.3100719610001761 0.22 0.09
5940000 245580.0 0.32618745299987495 0.24 0.08
6097000 249356.0 0.4035160990001714 0.26 0.13999999999999999
6256000 252892.0 0.4281939979996423 0.31 0.11
6417000 256732.0 0.3808549969999149 0.26 0.12
6580000 457196.0 0.9763689819997126 0.33999999999999997 0.63
6745000 461092.0 0.6511992249998002 0.36 0.27999999999999997
6912000 465028.0 0.6568189109998457 0.39999999999999997 0.25
7081000 468988.0 0.5936433900001248 0.35 0.24
7252000 472980.0 0.6057250480002949 0.33999999999999997 0.26
7425000 476996.0 0.6038057589998971 0.36 0.24
7600000 481052.0 0.6175878279996141 0.41 0.19999999999999998
7777000 485140.0 0.6415477760001522 0.39999999999999997 0.24
7956000 489524.0 0.6463592519999111 0.38999999999999996 0.25
8137000 493668.0 0.6375733039999432 0.39999999999999997 0.22999999999999998
8320000 498116.0 0.6499957330001962 0.33999999999999997 0.3
8505000 500896.0 0.6008823669999401 0.32999999999999996 0.26
8692000 502356.0 0.5942250779999085 0.32 0.26999999999999996
8881000 503832.0 0.5979724049998367 0.38 0.21
9072000 505324.0 0.6154970570000842 0.37 0.22999999999999998
9265000 506832.0 0.6099895960001049 0.36 0.25
9460000 508356.0 0.6379760029999488 0.38 0.25
9657000 509896.0 0.6339118669998243 0.38 0.25
9856000 511452.0 0.6336470460000783 0.38999999999999996 0.24
10057000 513020.0 0.6492102510001132 0.43 0.21
10260000 514608.0 0.6529138000000785 0.38 0.26
10465000 516208.0 0.6652856719997544 0.42 0.24
10672000 517824.0 0.6769143880001138 0.42 0.25
10881000 519456.0 0.680530564000037 0.38999999999999996 0.27999999999999997
11092000 521108.0 0.6918326089999027 0.38999999999999996 0.29
11305000 522772.0 0.7036220079999111 0.44999999999999996 0.25
11520000 524452.0 0.7046016690001125 0.48 0.22
11737000 526144.0 0.7132286910000403 0.42 0.29
11956000 527856.0 0.7234751249998226 0.45999999999999996 0.26
12177000 529584.0 0.7679350869998416 0.44999999999999996 0.31
12400000 531324.0 0.8136600930001805 0.51 0.3
12625000 533084.0 0.7788146760003656 0.5 0.26999999999999996
12852000 534856.0 0.8137788789999831 0.58 0.22999999999999998
13081000 929872.0 1.5831927330000326 0.77 0.8099999999999999
13312000 931680.0 1.3510850249999748 0.82 0.52
13545000 933500.0 1.3551140760000635 0.7999999999999999 0.5499999999999999
13780000 935336.0 1.3329145910001898 0.7999999999999999 0.53
14017000 937184.0 1.3489844649998304 0.7799999999999999 0.5599999999999999
14256000 939052.0 1.3389314460000605 0.7 0.64
14497000 940936.0 1.330433654999979 0.7899999999999999 0.53
14740000 942836.0 1.2930297929997323 0.73 0.5499999999999999
14985000 944748.0 1.4126899140001115 0.9099999999999999 0.49
15232000 946680.0 1.3453764980004053 0.7899999999999999 0.5499999999999999
15481000 948624.0 1.3678133200000957 0.73 0.63
15732000 950584.0 1.3942550880001363 0.84 0.5499999999999999
15985000 952560.0 1.416452830000253 0.7799999999999999 0.62
16240000 954552.0 1.412350829999923 0.82 0.59
16497000 956560.0 1.5846142159998635 1.02 0.5599999999999999
16756000 958828.0 1.5165780019997328 0.95 0.5499999999999999
17017000 704928.0 1.1858839209999132 0.84 0.32999999999999996
17280000 711152.0 1.1607219880002049 0.77 0.38999999999999996
17545000 717400.0 1.1331213509997724 0.7899999999999999 0.32999999999999996
17812000 723424.0 1.186076544000116 0.7899999999999999 0.38999999999999996
18081000 729736.0 1.3114898779999749 0.87 0.44
18352000 736080.0 1.298826697000095 0.83 0.47
18625000 742456.0 1.2380412080001406 0.83 0.39999999999999997
18900000 749136.0 1.3095965980000983 0.88 0.43
19177000 755576.0 1.2773666569996749 0.82 0.44999999999999996
19456000 762048.0 1.2548725210003795 0.7999999999999999 0.44999999999999996
19737000 768544.0 1.1776901839998573 0.8099999999999999 0.36
20020000 775344.0 1.2722498650000489 0.8999999999999999 0.36
20305000 781912.0 1.216072472000178 0.83 0.37
20592000 788768.0 1.328564839000137 0.87 0.44999999999999996
20881000 795400.0 1.5825123899999198 1.11 0.47
21172000 802320.0 2.205831316000058 1.63 0.5599999999999999
21465000 809272.0 1.9729322709999906 1.46 0.5
21760000 816000.0 1.92248455500021 1.32 0.59
22057000 823016.0 1.7125796810000793 1.29 0.42
22356000 830064.0 1.4755706400001145 1.08 0.37
22657000 837136.0 1.53888643900018 1.03 0.5
22960000 844248.0 1.3877427790002912 0.98 0.39999999999999997
23265000 851392.0 1.4725510829998711 1.0 0.47
23572000 858568.0 1.5556586439997773 0.99 0.5499999999999999
23881000 865768.0 1.6570468789996085 1.2 0.44
24192000 873008.0 1.6881018330000188 1.15 0.53
24505000 880272.0 1.3800038340000356 0.95 0.42
24820000 887832.0 1.3945946710000499 0.94 0.44
25137000 895160.0 1.4475457570001709 1.04 0.38999999999999996
25456000 902788.0 1.6583584800000608 1.23 0.42
25777000 910180.0 1.465578431999802 1.03 0.42
26100000 1704420.0 2.7558968829998776 1.5699999999999998 1.15
26425000 1711876.0 2.6765101679998224 1.5499999999999998 1.1
26752000 1719628.0 2.652883345999726 1.56 1.08
27081000 1727404.0 2.443460139999843 1.49 0.94
27412000 1735220.0 2.785337969000011 1.71 1.06
27745000 1742796.0 2.7545040309996693 1.69 1.05
28080000 1750668.0 2.660172024000076 1.63 1.01
28417000 1758572.0 2.674258176999956 1.7 0.97
28756000 1766516.0 2.717956996999874 1.76 0.95
29097000 1774484.0 2.6277912939999624 1.74 0.88
29440000 1782748.0 2.4816183459997774 1.5499999999999998 0.9199999999999999
29785000 1790772.0 2.5220878949999133 1.5899999999999999 0.9099999999999999
30132000 1798836.0 2.84934425199981 1.72 1.09
30481000 1806932.0 2.684781130999909 1.69 0.97
30832000 1815316.0 2.5437567760000093 1.62 0.9099999999999999
31185000 1823476.0 2.5654166489998715 1.5899999999999999 0.97
31540000 1831924.0 3.0075434000000314 1.8399999999999999 1.15
31897000 1840140.0 2.740851114999714 1.81 0.8999999999999999
32256000 1848660.0 2.6671095770002466 1.67 0.98
32617000 1857204.0 2.6898944380000103 1.76 0.9099999999999999
32980000 1865516.0 3.0197868180002843 1.94 1.07
33345000 1874116.0 3.1909988209999938 2.03 1.13
33712000 1883572.0 2.6811468740002056 1.67 0.99
34081000 1886456.0 2.4680211989998497 1.51 0.94
34452000 1889356.0 2.4408215409998775 1.48 0.94
34825000 1892268.0 2.5164358379997793 1.53 0.97
35200000 1895200.0 2.506984940000166 1.5699999999999998 0.9299999999999999
35577000 1898144.0 2.5379388589999508 1.51 1.02
35956000 1901104.0 2.5357828309997785 1.5899999999999999 0.94
36337000 1904080.0 2.6962828179998723 1.66 1.03
36720000 1907072.0 2.7419022349999977 1.65 1.08
37105000 1910080.0 2.715964712999721 1.71 1.0
37492000 1913104.0 2.9620040160002645 1.88 1.07
37881000 1916144.0 2.9469992499998625 1.8900000000000001 1.05
38272000 1919200.0 2.8782250310000563 1.83 1.04
38665000 1922268.0 2.7738118120000763 1.83 0.9099999999999999
39060000 1925356.0 2.687307052000051 1.68 1.0
39457000 1928456.0 2.8774622659998386 1.7799999999999998 1.09
39856000 1931572.0 2.8629690549996667 1.91 0.94
40257000 1934704.0 2.7887049119999574 1.8199999999999998 0.95
40660000 1937856.0 2.8733551559998887 1.8599999999999999 1.0
41065000 1941020.0 2.884671412999978 1.7999999999999998 1.07
41472000 1944200.0 2.808069698000054 1.76 1.04
41881000 1947392.0 2.829178676000083 1.79 1.02
42292000 1950604.0 3.124021554999672 2.06 1.03
42705000 1953832.0 2.963648237999678 1.7999999999999998 1.15
43120000 1957072.0 3.296501384000294 2.17 1.1
43537000 1960332.0 3.272411882999677 2.12 1.13
43956000 1963604.0 3.791989339000338 2.66 1.11
44377000 1966892.0 3.814389809000204 2.49 1.31
44800000 1970200.0 4.910738234999826 3.43 1.45
45225000 1973520.0 4.171987171999717 2.66 1.49
45652000 1976856.0 4.169404433000182 2.91 1.24
46081000 1980204.0 4.75562360899994 3.35 1.37
46512000 1983524.0 4.770585613000094 3.39 1.37
46945000 1986908.0 4.588673451999966 3.11 1.47
47380000 1990308.0 4.8050811170001 3.42 1.38
47817000 1993720.0 5.191074213999855 3.6 1.5899999999999999
48256000 1997152.0 5.062420068999927 3.36 1.68
48697000 2000396.0 3.355516994000027 2.22 1.12
49140000 2003856.0 3.1971596680000403 2.11 1.07
49585000 2007332.0 3.4399642480002512 2.25 1.18
50032000 2010824.0 3.3466417380000166 2.25 1.09
50481000 2014332.0 3.5723046279999835 2.4 1.17
50932000 2017228.0 3.3718414019999727 2.16 1.2
51385000 2020768.0 4.180317317000117 2.88 1.27
